0.256129 1642037.0
0.310392 1586865.0
0.43606 1563979.0
0.993259 1553074.0
1.763205 1543013.0
3.200877 1529370.0
3.437699 1520156.0
3.71859 1518782.0
5.46975 1518017.0
7.962983 1512686.0
8.014168 1499023.0
8.260578 1494143.0
11.421084 1493336.0
11.924202 1471702.0
17.867219 1465215.0
18.414855 1461314.0
20.285948 1457800.0
21.028412 1451444.0
22.202032 1436665.0
29.000476 1423603.0
51.845481 1409713.0
56.003457 1408329.0
56.412543 1390417.0
62.64716 1386464.0
162.766192 1385953.0
176.785214 1374144.0
