0.0 145337.0
3.7411391735076904 96223.0
23.742064952850342 75331.0
43.74502110481262 71570.0
63.74024200439453 67128.0
83.74286103248596 64835.0
103.7425971031189 61384.0
123.74252700805664 58790.0
143.74670314788818 57391.0
163.74281907081604 56268.0
183.74109196662903 53892.0
203.74184608459473 50849.0
223.74203205108643 50789.0
243.74033403396606 50182.0
263.7425181865692 50182.0
283.7426931858063 49707.0
303.7410249710083 49707.0
323.7415370941162 49707.0
343.7405209541321 49333.0
363.7440960407257 48223.0
383.7424831390381 46886.0
403.7423610687256 46886.0
423.74041199684143 46102.0
443.74893712997437 46102.0
463.7436079978943 46031.0
483.74821400642395 46031.0
503.7443540096283 46031.0
523.7412371635437 45943.0
543.7405180931091 45940.0
563.7424581050873 45940.0
583.741142988205 45940.0
600.0003881454468 45940.0
