0.0 1.340388031e9
12.556641101837158 1.325632852e9
33.163329124450684 1.325632852e9
72.5257019996643 1.321252938e9
92.63906598091125 1.321252938e9
113.28627419471741 1.321252938e9
132.80996012687683 1.320760793e9
172.85695600509644 1.320760793e9
212.78807401657104 1.320760793e9
232.8307981491089 1.320760793e9
252.5235459804535 1.320760793e9
272.59765911102295 1.320760793e9
293.13906812667847 1.320760793e9
312.45580101013184 1.317933599e9
332.87483501434326 1.317933599e9
432.83343601226807 1.315858136e9
472.78439116477966 1.315858136e9
513.1154670715332 1.315858136e9
532.6942269802094 1.315858136e9
573.3119411468506 1.315858136e9
592.5684161186218 1.315858136e9
633.3536760807037 1.315858136e9
652.5617032051086 1.315858136e9
673.3639521598816 1.315858136e9
692.6647601127625 1.315858136e9
712.9639301300049 1.315858136e9
732.5250000953674 1.315858136e9
753.3438630104065 1.315858136e9
773.0060291290283 1.315858136e9
812.5595400333405 1.315858136e9
832.6012110710144 1.315858136e9
892.9166550636292 1.315858136e9
900.1947550773621 1.315858136e9
