0.0 1.56485e6
19.314327001571655 1.357676e6
39.31355381011963 1.305048e6
59.31322503089905 1.285846e6
79.31427097320557 1.257086e6
99.31243586540222 1.232308e6
119.31271481513977 1.217991e6
139.31265592575073 1.208253e6
159.31397485733032 1.184583e6
179.31204795837402 1.175236e6
199.315691947937 1.156958e6
219.31317281723022 1.154646e6
239.31999397277832 1.150688e6
259.3133478164673 1.150688e6
279.3155348300934 1.14287e6
299.3129618167877 1.128829e6
319.3186459541321 1.127358e6
339.31195187568665 1.11705e6
359.31277203559875 1.105137e6
379.31465101242065 1.102036e6
399.3168668746948 1.088987e6
419.3175959587097 1.088932e6
439.31476283073425 1.079851e6
459.3123550415039 1.075127e6
479.31268882751465 1.073784e6
499.31451082229614 1.064685e6
519.3123569488525 1.063593e6
539.3118720054626 1.057247e6
559.3127629756927 1.057006e6
579.313679933548 1.043983e6
599.3132038116455 1.039819e6
619.3135099411011 1.039697e6
639.3154559135437 1.037751e6
659.3119149208069 1.037751e6
679.3168318271637 1.037032e6
699.3131878376007 1.028212e6
719.313640832901 1.027337e6
739.3118798732758 1.024274e6
759.3147058486938 1.0193e6
779.311910867691 1.013813e6
799.3136658668518 1.011572e6
819.3140308856964 1.008403e6
839.3147959709167 1.006774e6
859.3136119842529 1.005996e6
879.3149089813232 1.005403e6
899.3128089904785 999948.0
900.000727891922 999948.0
