468
26
21
233
235
484
138
369
411
414
368
228
406
390
199
286
209
289
333
292
246
9
237
90
436
438
449
293
123
116
194
62
171
258
249
506
512
529
349
493
532
462
127
316
313
135
186
161
285
295
501
431
491
415
326
166
103
143
266
280
343
521
400
297
412
522
517
507
520
527
346
84
433
492
443
452
192
302
118
66
37
12
8
291
109
503
78
167
214
142
60
169
36
397
218
276
70
77
45
180
34
129
318
154
27
133
358
15
466
256
240
173
345
355
245
38
4
2
54
104
254
322
1
444
342
325
407
388
460
380
399
402
502
509
365
429
467
320
482
418
435
306
362
304
207
371
395
334
119
120
511
524
518
261
230
315
459
294
312
53
296
298
263
189
234
92
25
262
273
531
63
59
236
107
112
269
255
430
445
416
427
463
481
83
244
386
337
42
13
198
149
215
124
49
450
480
516
528
377
139
409
420
423
404
344
20
43
99
105
185
225
456
319
201
424
472
515
282
46
29
150
310
91
156
6
264
253
250
370
476
489
217
301
392
454
375
221
168
100
47
146
128
157
125
158
10
31
165
278
353
341
393
224
247
396
455
267
374
340
248
202
405
494
465
222
488
223
284
271
3
51
93
206
117
457
479
389
308
174
471
195
260
203
162
367
382
403
426
57
364
111
196
307
287
126
275
359
32
18
114
391
461
110
74
97
288
178
40
152
314
383
65
183
175
446
464
530
121
94
277
181
204
328
323
408
81
17
50
274
514
332
432
212
137
336
357
439
76
132
419
381
16
30
305
190
159
98
88
136
227
229
242
44
58
425
67
108
101
378
421
172
376
379
458
505
351
241
73
281
265
469
372
155
163
324
200
401
356
330
486
473
290
5
211
259
144
72
28
148
52
80
441
483
496
474
243
352
327
339
303
447
335
398
35
115
193
134
147
55
354
317
347
191
384
495
131
61
508
525
350
220
526
394
448
366
68
434
130
33
64
89
102
177
410
504
510
500
231
14
19
428
270
182
210
22
7
417
385
232
11
71
24
39
23
329
216
272
170
56
145
41
470
373
153
113
79
348
219
268
85
279
106
82
257
361
331
422
487
122
69
95
75
523
485
513
475
499
299
151
140
309
300
188
176
226
413
338
252
96
197
164
141
86
205
179
187
208
363
239
238
498
442
451
283
437
478
519
497
251
311
184
387
453
321
360
213
160
48
87
440
490
477
468
