302
353
471
188
65
108
242
312
281
230
277
495
367
333
21
83
306
373
352
211
169
275
324
185
493
518
524
139
219
46
31
39
4
298
221
252
456
378
390
425
434
291
249
270
415
287
147
177
200
95
122
292
232
227
351
431
457
243
475
354
528
503
314
359
235
61
68
197
27
453
148
336
258
115
36
17
71
206
387
435
303
132
133
377
516
480
120
186
24
59
260
512
523
157
290
465
422
256
5
85
393
498
420
7
90
138
305
366
99
416
110
14
397
15
161
160
113
257
213
45
44
72
322
57
207
339
459
427
26
94
382
395
332
525
391
283
319
355
408
205
288
75
25
40
233
272
364
368
428
458
142
217
238
208
174
273
380
146
50
56
379
150
53
191
309
323
477
405
136
175
347
176
35
11
153
76
162
166
144
215
131
361
240
317
396
421
101
124
284
198
143
330
343
474
410
254
384
371
411
52
455
38
60
100
307
54
441
500
413
64
180
478
203
325
210
118
184
199
69
401
510
356
398
247
419
460
463
482
519
274
84
66
499
62
279
63
448
214
250
318
400
30
22
6
32
196
326
331
117
461
130
226
266
484
468
418
348
340
91
344
212
173
251
29
128
137
388
362
236
178
310
438
407
345
301
16
51
79
234
389
19
67
183
73
278
311
192
222
430
300
1
58
82
43
334
134
454
464
497
304
297
424
490
433
357
189
239
469
392
259
294
204
501
447
414
346
296
152
445
381
417
225
37
375
86
220
522
295
154
125
23
48
426
436
399
141
360
529
248
487
363
507
511
440
194
342
255
286
439
429
488
517
515
526
472
265
486
492
267
114
34
20
97
293
476
531
374
107
33
42
241
96
218
263
104
316
280
216
268
320
98
504
106
494
450
111
127
508
308
92
163
12
13
74
140
18
264
119
135
164
41
520
521
513
89
394
246
496
479
443
383
88
335
470
158
172
129
245
223
201
349
372
485
489
285
446
109
328
276
93
155
502
385
262
506
473
491
437
386
121
187
168
170
321
261
282
403
55
70
209
228
350
358
9
376
370
444
451
145
289
271
269
337
329
49
77
181
171
116
313
47
193
179
412
103
253
159
182
467
78
87
112
338
202
442
369
527
514
462
165
224
423
28
190
156
167
10
505
452
102
231
126
81
229
406
466
341
432
509
532
530
244
123
409
315
402
3
8
237
80
151
365
327
483
105
404
299
195
481
449
149
2
302
