0.0 1.559643e6
2.2425050735473633 1.502951e6
22.225383043289185 1.350863e6
42.21675896644592 1.329254e6
62.22897696495056 1.317272e6
82.24829292297363 1.30813e6
102.19025897979736 1.294476e6
122.22214102745056 1.271233e6
142.22020602226257 1.242906e6
162.21779990196228 1.23204e6
182.18994903564453 1.23204e6
202.23591208457947 1.226223e6
222.2174789905548 1.226223e6
242.20388007164001 1.213954e6
262.21594190597534 1.212312e6
282.1961009502411 1.206315e6
302.2028179168701 1.195847e6
322.18552899360657 1.191223e6
342.2558960914612 1.191223e6
362.29266691207886 1.181296e6
382.27059292793274 1.179588e6
402.2052090167999 1.174384e6
422.21499395370483 1.167542e6
442.2268168926239 1.162902e6
462.282506942749 1.162902e6
482.1870188713074 1.156631e6
502.2364499568939 1.15577e6
522.2521228790283 1.15472e6
542.215292930603 1.146166e6
562.2156829833984 1.13991e6
582.2142698764801 1.132035e6
602.1975710391998 1.127652e6
622.1994869709015 1.127477e6
642.222795009613 1.122245e6
662.2200660705566 1.116466e6
682.2023620605469 1.102595e6
702.2182929515839 1.099466e6
722.2422890663147 1.095806e6
742.1996278762817 1.090503e6
762.2056939601898 1.090503e6
782.1893010139465 1.089285e6
802.1974039077759 1.087809e6
822.2097849845886 1.081219e6
842.2677299976349 1.08039e6
862.212620973587 1.075078e6
882.2092468738556 1.075078e6
900.0413599014282 1.075078e6
