0.0 1.566593e6
16.69625186920166 1.401857e6
36.69557285308838 1.333498e6
56.69871783256531 1.323018e6
76.70308685302734 1.30894e6
96.70147395133972 1.307781e6
116.69503283500671 1.289589e6
136.70320391654968 1.270444e6
156.70032000541687 1.268976e6
176.6949498653412 1.227078e6
196.70281982421875 1.214651e6
216.7036988735199 1.210321e6
236.6966588497162 1.204314e6
256.6974518299103 1.202063e6
276.7020788192749 1.195255e6
296.69935488700867 1.184786e6
316.6995599269867 1.181883e6
336.6958749294281 1.172815e6
356.71521282196045 1.172815e6
376.70596194267273 1.169248e6
396.71392488479614 1.166951e6
416.70520091056824 1.162723e6
436.69699597358704 1.162723e6
456.69570899009705 1.162723e6
476.70030188560486 1.162723e6
496.7098159790039 1.162723e6
516.6975288391113 1.158721e6
536.7046048641205 1.155833e6
556.6969628334045 1.149556e6
576.7042188644409 1.149556e6
596.6948068141937 1.149334e6
600.003625869751 1.149334e6
