0.0 1.580667e6
19.204291105270386 1.346667e6
39.20481896400452 1.307793e6
59.20602202415466 1.283737e6
79.20477604866028 1.274396e6
99.20449209213257 1.245586e6
119.20615601539612 1.229268e6
139.2073850631714 1.221143e6
159.20479893684387 1.198639e6
179.20521807670593 1.193477e6
199.2104251384735 1.180407e6
219.20952796936035 1.165516e6
239.20503211021423 1.148314e6
259.20569109916687 1.12987e6
279.20575308799744 1.127891e6
299.2065839767456 1.122745e6
319.20484495162964 1.119501e6
339.204097032547 1.114236e6
359.2057681083679 1.114236e6
379.20283699035645 1.113625e6
399.21203899383545 1.111244e6
419.20285296440125 1.102248e6
439.2034389972687 1.096218e6
459.2044520378113 1.085165e6
479.20300006866455 1.083665e6
499.20294094085693 1.078379e6
519.2097420692444 1.076772e6
539.2048020362854 1.071701e6
559.2068130970001 1.05887e6
579.211865901947 1.055689e6
599.2058699131012 1.041606e6
619.2029259204865 1.040068e6
639.204941034317 1.039289e6
659.2047281265259 1.035994e6
679.2057161331177 1.03186e6
699.2028760910034 1.03186e6
719.2041931152344 1.031058e6
739.203705072403 1.024456e6
759.2038269042969 1.021767e6
779.2097189426422 1.021292e6
799.2045040130615 1.021292e6
819.211846113205 1.010076e6
839.204409122467 1.006841e6
859.2034029960632 1.006841e6
879.2034859657288 1.005681e6
899.203222990036 999792.0
899.9987149238586 999792.0
