121
273
147
75
83
494
469
414
439
458
320
140
154
50
157
411
374
187
417
454
412
495
230
94
108
37
15
224
141
159
105
162
161
201
472
507
400
442
78
271
382
215
155
150
29
32
168
268
142
176
223
312
362
416
415
402
146
341
485
497
513
172
91
329
370
184
371
393
339
198
118
182
326
302
89
120
74
34
119
246
115
291
380
143
373
38
25
321
364
403
434
204
68
49
45
208
486
504
107
109
128
281
97
138
390
363
127
122
424
116
137
112
250
234
275
453
448
419
277
300
124
177
227
238
171
384
421
515
285
221
52
44
65
40
408
333
135
77
31
480
520
229
356
457
239
372
385
76
144
55
104
92
429
502
487
466
278
244
311
62
459
449
195
305
338
309
297
153
216
354
401
509
518
396
383
284
212
441
443
243
521
510
301
428
123
313
467
474
214
322
114
267
288
289
235
101
349
379
369
167
519
447
151
179
4
164
303
194
463
304
96
440
451
169
27
163
111
132
33
95
117
125
73
522
317
251
192
394
131
473
476
316
295
217
23
3
241
248
355
257
319
479
331
266
13
280
81
18
149
14
491
274
478
529
276
191
196
409
468
381
259
433
376
343
90
197
2
106
254
203
1
228
173
270
438
340
136
437
365
286
445
499
347
330
56
279
357
5
358
36
145
232
183
258
272
315
180
264
247
310
113
461
431
17
60
231
12
219
436
84
366
342
410
490
392
186
53
43
6
265
287
148
66
348
501
336
375
475
422
47
46
255
189
79
86
225
175
350
207
359
306
35
293
528
525
318
360
334
206
397
252
80
193
261
407
181
202
93
160
260
420
237
395
389
430
63
54
51
48
512
465
489
335
39
9
24
353
220
222
377
471
500
505
205
332
455
185
11
22
367
70
134
71
85
82
327
324
423
399
351
158
283
42
166
460
413
418
477
470
323
387
133
346
404
129
242
211
16
57
263
496
328
531
498
456
292
299
308
253
294
88
102
530
527
508
368
59
10
298
110
199
256
524
517
511
483
98
405
493
67
210
482
506
523
503
446
249
152
69
87
296
103
307
444
170
72
345
426
178
8
7
100
64
218
20
269
344
398
432
314
516
452
378
139
130
26
425
325
236
28
30
492
282
99
58
435
532
462
19
213
290
156
174
514
240
386
526
406
361
337
450
190
209
233
126
21
262
391
427
352
388
226
188
41
61
165
200
488
464
481
484
245
121
