0.0 1.602069e6
16.328150987625122 1.424499e6
36.330206871032715 1.335329e6
56.32394003868103 1.317881e6
76.32795405387878 1.295384e6
96.32230496406555 1.290376e6
116.32078385353088 1.285128e6
136.318372964859 1.25733e6
156.31767892837524 1.25733e6
176.327064037323 1.242648e6
196.32304286956787 1.241419e6
216.31810688972473 1.23806e6
236.32723188400269 1.23662e6
256.3243839740753 1.231014e6
276.32397389411926 1.213091e6
296.31707191467285 1.198423e6
316.322478055954 1.196994e6
336.3217420578003 1.195378e6
356.322301864624 1.193272e6
376.32535696029663 1.193272e6
396.3226828575134 1.188343e6
416.31820487976074 1.180508e6
436.3346610069275 1.170856e6
456.331729888916 1.167353e6
476.32118701934814 1.163418e6
496.3251838684082 1.162072e6
516.3329260349274 1.15729e6
536.3275859355927 1.157272e6
556.3230049610138 1.157272e6
576.3181340694427 1.155108e6
596.3263549804688 1.146037e6
600.008761882782 1.145033e6
