262
415
496
360
299
370
144
177
269
25
243
46
34
49
179
48
212
203
285
220
402
383
355
120
281
346
365
478
184
290
208
183
33
181
56
311
217
401
219
377
519
517
4
160
250
313
369
75
166
480
352
526
471
147
315
226
297
333
260
368
334
277
202
60
30
429
271
351
411
439
17
444
253
450
454
524
473
446
386
520
419
280
12
486
86
114
504
501
348
495
76
375
248
207
234
47
276
412
489
39
242
323
228
133
343
447
417
475
507
227
236
54
79
51
230
159
506
492
216
222
431
380
335
481
468
390
110
88
376
479
206
102
42
218
435
350
251
150
514
96
278
464
209
157
331
379
418
328
131
354
422
531
482
362
337
406
465
512
308
483
20
305
384
163
10
272
404
41
192
499
427
164
109
155
518
84
28
424
93
213
508
491
391
152
314
349
282
270
233
394
312
426
342
64
145
128
68
261
5
106
505
433
14
284
463
382
295
288
286
453
438
118
180
371
283
61
165
372
456
409
275
460
408
257
82
170
259
8
455
249
325
197
175
136
16
467
428
92
40
78
122
493
528
6
353
97
57
65
94
215
52
104
74
462
294
336
69
171
425
72
223
445
246
151
101
240
238
266
229
485
494
116
530
19
73
129
11
423
420
9
432
487
258
121
395
443
196
190
156
330
510
148
178
502
327
361
71
484
389
237
511
264
405
3
452
532
80
301
67
63
138
392
529
347
201
37
27
141
267
29
111
91
44
55
263
31
344
255
198
254
161
232
498
440
421
154
132
188
303
139
182
381
274
162
470
322
32
477
247
293
306
195
466
472
317
244
140
523
321
158
142
173
58
319
300
18
357
373
193
119
45
469
87
397
50
256
521
296
105
458
62
53
38
241
35
200
205
374
332
400
359
123
448
199
320
442
252
130
304
83
186
210
221
22
474
366
289
309
364
527
153
189
407
414
413
338
2
225
115
1
143
167
13
279
59
396
436
185
363
239
488
7
112
100
117
89
410
298
36
318
459
268
211
135
339
461
108
90
265
77
451
403
398
146
385
500
430
124
174
70
367
187
341
231
292
310
326
172
98
434
125
127
449
399
66
273
287
176
457
490
137
113
24
214
23
169
356
476
513
81
204
316
525
324
522
515
497
387
99
168
15
224
416
149
329
345
516
393
358
378
509
21
43
107
235
340
26
245
95
441
503
388
302
191
291
437
194
126
307
103
134
85
