0.0 0.03798926925
11.27835988998413 0.034144663
31.31119394302368 0.034144663
51.284345865249634 0.0316454015
71.27752494812012 0.0273972825
91.27599000930786 0.0273972825
111.28252100944519 0.02595808275
131.28363394737244 0.02595808275
151.28127598762512 0.024791949499999997
171.28726887702942 0.024791949499999997
191.29651999473572 0.024791949499999997
211.27079486846924 0.024791949499999997
231.28236889839172 0.024791949499999997
251.28707695007324 0.024791949499999997
271.2818069458008 0.024791949499999997
291.2812080383301 0.024791949499999997
311.29594683647156 0.024791949499999997
331.29180788993835 0.024791949499999997
351.28358697891235 0.024791949499999997
371.2825939655304 0.024791949499999997
391.29064297676086 0.024791949499999997
411.27250504493713 0.024791949499999997
431.2808530330658 0.024791949499999997
451.28315782546997 0.024791949499999997
471.28997588157654 0.024791949499999997
491.29871702194214 0.024791949499999997
511.28814697265625 0.024791949499999997
531.2825698852539 0.0244956095
551.2968039512634 0.0244956095
571.2871618270874 0.0244956095
591.2729918956757 0.0244956095
611.2757258415222 0.0244956095
631.2934339046478 0.0244956095
651.27920794487 0.0244956095
671.2901849746704 0.0244956095
691.2727999687195 0.0244956095
711.2859020233154 0.0244956095
731.2944779396057 0.0244956095
751.2759809494019 0.0244956095
771.2888009548187 0.0244956095
791.2856600284576 0.0244956095
811.2852058410645 0.0244956095
831.2741129398346 0.0244956095
851.3016378879547 0.0244956095
871.2763848304749 0.0244956095
891.2735118865967 0.0244956095
900.0046319961548 0.0244956095
