0.0 1.328660201e9
17.942216873168945 1.328660201e9
37.942219972610474 1.327624252e9
57.94221496582031 1.327624252e9
77.942214012146 1.327624252e9
97.942214012146 1.327624252e9
117.94222092628479 1.326717117e9
137.9422149658203 1.321813586e9
157.94221186637878 1.321813586e9
177.94221591949463 1.321813586e9
197.94221186637878 1.321813586e9
217.94221186637878 1.321813586e9
237.94221782684326 1.321813586e9
257.9422128200531 1.321813586e9
277.94221901893616 1.321813586e9
297.9422149658203 1.321813586e9
317.9440288543701 1.321813586e9
337.94221591949463 1.321813586e9
357.94221591949463 1.321813586e9
377.9422149658203 1.321813586e9
397.94221091270447 1.321813586e9
417.942214012146 1.321813586e9
437.9422128200531 1.321813586e9
457.9422128200531 1.321813586e9
477.9422128200531 1.321813586e9
497.94221591949463 1.321813586e9
517.942216873169 1.321813586e9
537.9422178268433 1.321813586e9
557.942214012146 1.321813586e9
577.9422149658203 1.321813586e9
597.942214012146 1.321813586e9
617.9422159194946 1.321813586e9
637.9788479804993 1.321813586e9
657.9522449970245 1.321813586e9
677.9422128200531 1.321813586e9
697.9422128200531 1.321813586e9
717.9422879219055 1.321813586e9
737.942216873169 1.321813586e9
757.942214012146 1.321813586e9
777.9422178268433 1.321813586e9
797.9422159194946 1.321813586e9
817.9422299861908 1.321813586e9
837.942216873169 1.321813586e9
857.9422118663788 1.321813586e9
877.942214012146 1.321813586e9
897.9422109127045 1.321813586e9
899.7540009021759 1.321813586e9
