0.0 1.561264e6
16.533101081848145 1.410338e6
36.53647303581238 1.36723e6
56.532191038131714 1.34485e6
76.5304319858551 1.319e6
96.53226089477539 1.308484e6
116.52881598472595 1.287221e6
136.5353078842163 1.265276e6
156.53495287895203 1.25335e6
176.53101205825806 1.250388e6
196.53396701812744 1.249658e6
216.5322790145874 1.246776e6
236.53424787521362 1.230009e6
256.5350110530853 1.225602e6
276.5436110496521 1.220785e6
296.53062891960144 1.216532e6
316.5421938896179 1.207849e6
336.53470492362976 1.20029e6
356.5372920036316 1.19654e6
376.55613589286804 1.18805e6
396.5342528820038 1.18721e6
416.5370190143585 1.178047e6
436.5332610607147 1.164544e6
456.54124999046326 1.160185e6
476.5427289009094 1.159693e6
496.5308909416199 1.158623e6
516.5358629226685 1.14966e6
536.539470911026 1.14966e6
556.532231092453 1.144823e6
576.533341884613 1.144823e6
596.5430159568787 1.137282e6
600.0078189373016 1.137282e6
