98
377
117
314
441
439
483
453
363
71
206
523
371
342
228
345
308
147
264
357
373
45
210
300
164
288
407
477
489
166
118
146
434
21
355
514
44
224
424
448
188
417
310
6
43
80
65
242
301
83
370
107
326
236
389
361
432
144
375
151
51
63
17
516
185
23
149
496
347
163
113
429
15
262
401
529
464
318
223
196
399
143
287
366
521
418
422
199
3
234
532
208
114
316
298
153
85
359
209
309
97
187
38
91
340
354
263
8
284
69
73
195
272
110
87
351
123
460
212
148
132
84
501
334
491
46
197
79
231
512
526
524
411
469
128
60
506
503
427
455
232
266
274
257
180
463
49
131
140
14
155
395
267
181
343
238
486
378
416
4
358
330
519
294
81
327
498
456
484
412
282
30
319
213
405
410
426
388
168
89
278
454
216
175
245
136
311
362
289
178
442
451
190
435
215
154
332
323
281
493
244
473
29
42
200
86
58
270
440
458
204
391
124
490
437
474
189
502
515
2
225
505
161
277
125
283
495
423
299
260
203
365
393
106
109
431
430
525
211
126
67
219
202
241
226
152
5
48
129
522
471
249
229
88
329
364
328
243
406
492
176
177
101
27
150
433
390
341
504
280
105
57
312
376
336
436
392
349
350
320
222
256
481
322
93
130
55
76
374
20
488
259
120
402
34
40
500
509
12
167
265
450
369
220
443
356
182
77
173
237
207
325
92
276
360
527
186
227
183
135
487
317
275
385
478
16
41
479
306
11
35
59
333
315
409
157
201
380
74
127
467
56
530
383
472
352
78
381
26
25
95
218
449
254
250
171
379
398
446
205
119
52
108
102
24
313
307
145
19
169
482
112
253
480
331
353
160
247
394
465
246
82
368
273
233
286
28
193
94
507
344
115
198
285
497
138
372
517
290
447
520
400
428
457
476
511
258
179
420
174
33
221
122
31
382
408
255
142
37
170
459
137
387
1
303
384
296
10
251
184
50
139
192
518
269
271
66
64
462
240
494
53
22
214
99
268
324
217
321
9
116
445
338
305
293
470
404
438
292
335
396
239
508
510
485
421
461
304
68
104
261
415
90
121
100
96
103
70
62
337
513
75
531
499
194
302
248
466
367
134
141
279
7
36
425
386
452
54
18
133
468
419
475
230
61
111
235
444
191
172
165
413
297
72
158
13
291
252
162
295
39
403
348
339
414
32
346
156
47
397
159
528
