455
218
175
120
442
330
426
99
323
460
440
456
399
181
32
390
511
530
134
151
348
68
179
221
38
69
219
13
245
246
85
518
486
354
422
244
331
464
18
261
144
72
94
272
252
39
397
490
483
139
204
88
117
31
434
400
188
315
425
306
410
423
294
333
107
254
141
373
325
318
299
159
258
217
239
438
413
23
63
87
56
198
104
335
26
222
173
500
208
81
313
526
443
360
192
43
402
342
346
19
169
65
21
129
203
255
370
385
459
98
111
467
528
226
340
510
316
177
206
22
416
480
240
243
184
407
44
453
174
304
339
215
108
242
135
364
396
234
282
155
349
450
474
195
356
60
197
148
469
368
33
67
433
259
178
205
225
320
395
359
284
305
123
338
522
84
186
12
311
497
199
421
479
280
281
50
37
301
121
158
382
309
156
77
209
525
322
260
227
300
47
352
461
71
90
233
279
62
64
7
271
389
505
170
73
76
172
292
109
161
180
53
236
196
253
191
403
381
519
251
454
45
15
265
366
326
502
491
445
223
249
125
149
289
263
427
193
83
49
8
437
128
484
336
241
501
509
406
465
302
473
341
285
303
489
515
513
363
248
527
383
187
270
228
379
380
429
448
310
52
29
415
451
409
449
375
365
296
160
312
57
185
321
355
405
384
523
162
343
116
371
6
2
82
89
357
115
388
358
507
157
137
182
27
276
444
412
471
401
95
152
91
4
24
30
277
532
327
150
231
237
106
143
266
329
78
74
499
332
392
351
176
319
247
374
424
40
466
283
439
165
492
337
80
59
347
334
97
166
86
190
430
521
353
138
58
5
398
17
11
10
42
51
297
298
328
463
130
428
386
488
472
61
113
100
475
514
201
452
432
520
350
524
504
470
362
273
441
164
183
171
122
54
267
216
404
418
417
16
55
288
468
28
224
75
96
163
36
307
264
66
110
269
14
20
46
344
112
167
447
295
516
290
278
79
132
34
93
212
194
345
235
1
118
103
262
286
324
372
377
478
481
367
287
257
213
119
102
114
431
153
408
419
70
145
458
238
485
41
9
131
361
378
446
508
506
274
105
124
35
391
435
25
3
154
308
147
140
229
369
411
493
482
387
127
293
250
211
462
200
207
291
414
487
393
168
126
189
133
146
275
142
512
529
498
376
477
420
210
232
202
517
220
268
494
495
214
476
317
314
503
256
457
531
92
436
496
394
136
48
230
101
