0.0 1.564418e6
16.87082600593567 1.383306e6
36.869548082351685 1.357981e6
56.87497305870056 1.318937e6
76.87465596199036 1.310935e6
96.87847208976746 1.300438e6
116.87682890892029 1.295598e6
136.88164901733398 1.292224e6
156.87733793258667 1.28243e6
176.87841892242432 1.266648e6
196.8748779296875 1.252638e6
216.8820378780365 1.24684e6
236.87652492523193 1.226765e6
256.8702690601349 1.223095e6
276.8775510787964 1.213925e6
296.8853590488434 1.211294e6
316.87482595443726 1.200667e6
336.8777129650116 1.1951e6
356.8749189376831 1.1951e6
376.88183999061584 1.187803e6
396.87542390823364 1.186736e6
416.8701059818268 1.183655e6
436.87058997154236 1.148505e6
456.88738989830017 1.1392e6
476.8719210624695 1.137224e6
496.8794369697571 1.133592e6
516.878201007843 1.133063e6
536.8729829788208 1.133063e6
556.8748550415039 1.126765e6
576.875550031662 1.121078e6
596.8719129562378 1.119512e6
600.0048279762268 1.119512e6
