0.0 150818.0
3.9063990116119385 97038.0
23.904993057250977 75239.0
43.90644907951355 68111.0
63.90658092498779 64862.0
83.90936303138733 54515.0
103.90958499908447 52506.0
123.9098629951477 51904.0
143.90526604652405 51846.0
163.9106481075287 50688.0
183.90863704681396 49193.0
203.90480303764343 48853.0
223.91232299804688 48853.0
243.90938591957092 48853.0
263.9067430496216 48024.0
283.9106800556183 48024.0
303.91518807411194 47836.0
323.9063789844513 47718.0
343.91216802597046 47718.0
363.90807604789734 47241.0
383.9051249027252 46730.0
403.90529704093933 46557.0
423.90869402885437 45620.0
443.9073929786682 44468.0
463.91462898254395 42446.0
483.90814900398254 41733.0
503.90493988990784 41404.0
523.9094789028168 41367.0
543.9084100723267 41367.0
563.9076890945435 41367.0
583.9053270816803 41367.0
600.0001480579376 41367.0
