0.0 1.539288e6
19.52836513519287 1.359989e6
39.52835512161255 1.324103e6
59.52800107002258 1.296171e6
79.5299711227417 1.27739e6
99.52833414077759 1.240933e6
119.52760815620422 1.234243e6
139.52962803840637 1.218163e6
159.53020405769348 1.200642e6
179.53147411346436 1.187182e6
199.52940011024475 1.169804e6
219.52892899513245 1.163903e6
239.52913618087769 1.147606e6
259.5273780822754 1.139368e6
279.5295920372009 1.133727e6
299.5304400920868 1.130392e6
319.53049516677856 1.129585e6
339.5298230648041 1.121312e6
359.5286841392517 1.118553e6
379.5298681259155 1.114208e6
399.5287551879883 1.109509e6
419.5281491279602 1.106992e6
439.52992010116577 1.103113e6
459.52893114089966 1.098662e6
479.5305721759796 1.097789e6
499.5277910232544 1.08852e6
519.5292739868164 1.086894e6
539.5335621833801 1.086772e6
559.5275650024414 1.079716e6
579.5336000919342 1.079716e6
599.5292530059814 1.07345e6
619.5293581485748 1.073e6
639.528079032898 1.067288e6
659.5293660163879 1.065852e6
679.528167963028 1.058378e6
699.5299379825592 1.056253e6
719.5288851261139 1.054502e6
739.5295331478119 1.042424e6
759.5279791355133 1.041594e6
779.5302391052246 1.03217e6
799.5277609825134 1.025819e6
819.5303061008453 1.023653e6
839.5274641513824 1.023491e6
859.5276379585266 1.01933e6
879.529559135437 1.01933e6
899.5282700061798 1.017962e6
900.0016779899597 1.017962e6
