390
69
290
311
337
503
486
335
104
444
212
245
400
471
273
141
300
418
427
114
269
490
399
60
5
13
188
67
204
24
324
348
338
216
163
385
487
372
469
387
260
121
515
375
361
476
464
443
457
422
378
453
224
336
388
298
27
246
54
133
79
63
106
110
404
420
327
396
526
244
66
257
313
353
363
488
489
523
368
391
467
107
143
402
483
493
87
11
96
151
294
234
46
144
207
91
279
167
304
277
287
112
360
492
470
184
405
423
416
71
243
278
285
331
511
180
119
299
284
282
484
157
139
267
6
26
86
229
213
170
369
514
522
377
508
401
516
374
136
501
380
445
426
81
53
168
109
185
436
510
532
440
118
395
314
192
302
431
210
413
429
365
78
478
301
473
412
33
57
25
231
345
342
433
474
316
442
519
517
499
359
215
181
84
32
261
111
432
452
251
332
208
155
179
376
255
191
218
280
132
393
524
383
384
227
193
340
250
328
326
410
343
339
142
189
252
140
226
481
341
504
371
97
38
52
2
31
357
296
248
496
354
356
238
117
512
73
447
417
366
89
98
62
198
8
275
160
17
154
344
123
44
7
51
149
325
449
247
320
446
513
502
461
200
134
92
308
129
305
197
176
190
254
1
126
30
403
455
321
411
386
530
240
174
29
14
94
262
171
239
148
196
130
230
113
10
288
137
122
428
334
205
146
43
219
58
441
505
241
236
451
498
312
102
41
183
482
138
90
42
306
421
186
72
437
520
480
472
156
103
68
4
56
458
509
525
521
479
379
424
249
270
127
88
77
61
36
145
150
194
101
466
506
425
95
389
76
35
82
177
283
295
286
297
258
281
495
460
289
346
18
64
65
20
16
166
80
415
414
271
351
209
105
99
276
153
370
491
195
34
223
199
124
225
272
477
315
158
352
59
12
358
147
409
439
349
350
165
83
237
438
382
408
233
120
175
21
75
203
456
221
108
307
362
263
115
48
434
187
182
319
309
169
162
268
468
463
322
74
159
347
220
317
398
318
242
211
50
172
202
364
217
518
256
222
450
407
333
291
47
23
3
15
116
454
462
430
397
435
394
392
531
527
529
465
507
497
214
173
152
206
85
303
259
253
373
100
161
125
22
500
228
266
201
39
265
232
55
45
28
406
528
329
367
459
264
164
310
448
323
70
37
9
381
49
93
135
292
355
131
494
419
178
40
293
330
475
485
128
19
235
274
390
