0.0 9.223372038185718e18
21.193511962890625 1.323563857e9
41.193509101867676 1.323563857e9
61.20725607872009 1.316196238e9
81.19350695610046 1.316196238e9
101.19350910186768 1.316196238e9
121.19350814819336 1.316196238e9
141.19350814819336 1.316196238e9
161.19350504875183 1.316196238e9
181.19351196289062 1.316196238e9
201.20510005950928 1.316196238e9
221.19350695610046 1.316196238e9
241.19350814819336 1.316196238e9
261.19503903388977 1.316196238e9
281.1935091018677 1.316196238e9
301.19350600242615 1.316196238e9
321.19351506233215 1.316196238e9
341.2116141319275 1.316196238e9
361.19350504875183 1.316196238e9
381.1935119628906 1.316196238e9
401.19350814819336 1.316196238e9
421.1935119628906 1.316196238e9
441.19350695610046 1.316196238e9
461.1935091018677 1.316196238e9
481.1935091018677 1.316196238e9
501.19350695610046 1.316196238e9
521.1935091018677 1.316196238e9
541.1935069561005 1.316196238e9
561.1935050487518 1.316196238e9
581.1935119628906 1.316196238e9
601.1935069561005 1.316196238e9
621.193510055542 1.316196238e9
641.1935119628906 1.316196238e9
661.1935119628906 1.316196238e9
681.1935060024261 1.316196238e9
701.1935160160065 1.316196238e9
721.1935069561005 1.316196238e9
741.1999909877777 1.316196238e9
761.193510055542 1.316196238e9
781.1935110092163 1.316196238e9
801.1935069561005 1.316196238e9
821.193510055542 1.316196238e9
841.1935091018677 1.316196238e9
861.1935069561005 1.316196238e9
881.1979069709778 1.316196238e9
899.9706411361694 1.316196238e9
