0.168998 1635253.0
0.181326 1601987.0
0.240004 1600070.0
0.251285 1586481.0
0.330657 1575495.0
0.436698 1563273.0
0.777787 1555540.0
1.201063 1510453.0
3.275027 1508018.0
3.840375 1507261.0
3.997123 1501449.0
4.137066 1494794.0
4.403575 1489551.0
4.799649 1482307.0
5.473938 1478421.0
5.915914 1469566.0
6.35031 1457025.0
7.778089 1450740.0
28.109059 1434586.0
53.669111 1425108.0
64.925009 1422080.0
66.290735 1419827.0
80.474733 1414090.0
81.691287 1396314.0
83.319473 1386738.0
95.076865 1379244.0
369.477493 1375422.0
614.727601 1373893.0
900 1373893.0
