453
179
22
243
49
347
239
306
111
126
388
109
48
64
510
421
506
256
449
59
144
21
219
442
373
413
272
419
362
257
199
138
58
193
424
396
46
108
212
155
69
489
412
391
102
411
530
441
320
387
110
392
246
189
382
397
17
352
247
1
10
19
403
5
326
82
467
386
140
158
236
439
14
45
446
341
302
299
355
273
113
149
56
24
289
452
435
255
365
159
123
146
79
106
134
238
241
524
309
515
526
330
418
408
91
525
172
112
152
177
350
165
471
507
425
115
292
461
333
488
95
74
250
175
176
491
454
359
434
13
479
390
57
245
231
11
184
275
493
416
519
186
31
42
88
428
372
457
410
420
163
98
367
72
445
40
394
496
325
120
343
296
26
337
278
351
35
23
451
308
3
136
426
178
180
432
124
520
518
511
83
167
310
145
464
484
305
114
101
508
402
169
370
63
133
34
77
161
279
253
532
143
8
150
190
393
523
483
62
53
267
344
224
70
93
263
119
458
514
104
38
33
349
164
187
290
6
261
204
354
528
293
360
497
423
99
258
313
456
448
18
468
300
312
450
332
209
160
9
216
125
66
43
474
478
361
217
369
259
500
274
376
379
460
404
516
513
459
522
141
317
364
151
103
268
324
492
248
417
427
210
249
377
226
242
297
105
132
47
400
75
154
54
385
92
116
252
383
188
431
338
380
86
280
490
234
286
131
335
168
444
429
181
319
85
502
357
196
107
303
203
254
137
270
415
197
211
157
207
153
316
202
285
389
462
531
447
433
503
171
60
89
30
192
37
336
225
20
166
294
366
466
311
476
422
363
67
90
509
264
41
170
443
185
215
430
465
521
517
368
223
229
206
295
436
437
348
265
71
477
340
182
240
173
472
375
87
15
36
73
414
218
399
304
27
315
358
76
266
301
505
501
235
213
128
527
409
230
227
260
117
499
353
127
314
512
147
55
81
200
455
318
50
2
271
7
12
284
129
52
298
277
291
485
486
4
334
233
96
504
339
346
407
228
84
473
323
205
384
183
288
97
342
195
244
44
25
283
469
130
118
463
121
29
16
327
405
381
201
174
156
100
78
221
142
329
232
475
39
32
482
498
321
68
214
481
262
237
281
470
395
80
438
495
148
401
191
269
251
378
222
65
276
51
220
398
480
487
406
371
198
287
208
94
328
194
122
356
494
374
28
307
345
61
322
139
135
162
282
331
529
440
453
