0.0 1.337896824e9
14.357213973999023 1.329348381e9
74.88109612464905 1.317304815e9
174.4554340839386 1.317304815e9
214.84675407409668 1.317304815e9
274.7105360031128 1.317304815e9
314.7142469882965 1.317304815e9
374.5186769962311 1.317304815e9
474.5915560722351 1.317304815e9
534.833692073822 1.317304815e9
575.1447579860687 1.317304815e9
614.9556109905243 1.317304815e9
634.6573889255524 1.317304815e9
674.6406190395355 1.317304815e9
714.7369170188904 1.317304815e9
734.6102180480957 1.317304815e9
754.4799189567566 1.317304815e9
814.688246011734 1.316303158e9
854.8340649604797 1.316303158e9
874.7195439338684 1.316303158e9
894.7640829086304 1.316303158e9
899.8461871147156 1.316303158e9
