0.0 1.328241873e9
31.86118984222412 1.322746972e9
51.28286290168762 1.322746972e9
71.84587001800537 1.322746972e9
111.35162782669067 1.322746972e9
131.17021489143372 1.322746972e9
151.65144395828247 1.322746972e9
171.3780779838562 1.322746972e9
191.83024191856384 1.322746972e9
251.18798089027405 1.322746972e9
291.9918329715729 1.322746972e9
311.64956498146057 1.319659364e9
431.179811000824 1.319659364e9
511.6185519695282 1.31905465e9
531.1343770027161 1.31905465e9
651.1236560344696 1.31905465e9
711.5010550022125 1.31905465e9
731.7942249774933 1.31905465e9
751.648542881012 1.31905465e9
851.1449069976807 1.31905465e9
901.8882279396057 1.31905465e9
