0.0 1.336069545e9
10.88028883934021 1.327217054e9
30.885881900787354 1.327217054e9
50.88029384613037 1.327217054e9
70.88029479980469 1.317596686e9
90.88028979301453 1.317596686e9
110.88029289245605 1.317596686e9
130.89185690879822 1.317596686e9
150.88029384613037 1.317596686e9
170.88029193878174 1.317596686e9
190.88029098510742 1.317596686e9
210.88029384613037 1.317596686e9
230.88029098510742 1.317596686e9
250.88029098510742 1.317596686e9
270.8802888393402 1.317596686e9
290.88029289245605 1.317596686e9
310.8802947998047 1.317596686e9
330.8802878856659 1.317596686e9
350.8802888393402 1.317596686e9
370.8802959918976 1.317596686e9
390.8802909851074 1.317596686e9
410.88256883621216 1.317596686e9
430.8802878856659 1.317596686e9
450.8802878856659 1.317596686e9
470.88029384613037 1.317596686e9
490.8802909851074 1.317596686e9
510.8802909851074 1.317596686e9
530.8802897930145 1.317596686e9
550.8802888393402 1.317596686e9
570.8802909851074 1.317596686e9
590.8802888393402 1.317596686e9
610.8802938461304 1.317596686e9
630.8802909851074 1.317596686e9
650.8802919387817 1.317596686e9
670.8860449790955 1.317596686e9
690.880292892456 1.317596686e9
710.8802938461304 1.317596686e9
730.880292892456 1.317596686e9
750.880292892456 1.317596686e9
770.8802909851074 1.317596686e9
790.8802919387817 1.317596686e9
810.8802897930145 1.317596686e9
830.8802947998047 1.317596686e9
850.8802947998047 1.317596686e9
870.8802897930145 1.317596686e9
890.8802909851074 1.317596686e9
899.9566648006439 1.317596686e9
