0.0 1.605019e6
10.523430824279785 1.434542e6
30.526265859603882 1.35694e6
50.52807593345642 1.336607e6
70.52501797676086 1.303204e6
90.52624082565308 1.300304e6
110.5268189907074 1.277753e6
130.52303385734558 1.272172e6
150.52504777908325 1.253064e6
170.5244128704071 1.241802e6
190.52458000183105 1.235768e6
210.5236349105835 1.224857e6
230.52487087249756 1.222854e6
250.52452087402344 1.222854e6
270.5218389034271 1.219995e6
290.525093793869 1.207091e6
310.52282977104187 1.1999e6
330.5263350009918 1.19736e6
350.5271098613739 1.194718e6
370.5276517868042 1.191436e6
390.52491188049316 1.176925e6
410.52850580215454 1.165831e6
430.5287969112396 1.165831e6
450.523384809494 1.16028e6
470.52776193618774 1.16028e6
490.52679681777954 1.157794e6
510.5239338874817 1.154559e6
530.5234439373016 1.153519e6
550.5274930000305 1.153519e6
570.5279948711395 1.152577e6
590.5216448307037 1.144992e6
610.5255148410797 1.140215e6
630.5265338420868 1.134893e6
650.5272929668427 1.133752e6
670.5235438346863 1.133752e6
690.5257318019867 1.124755e6
710.5294687747955 1.123621e6
730.5255968570709 1.121204e6
750.5258939266205 1.119567e6
770.5264959335327 1.119567e6
790.521625995636 1.119567e6
810.5237789154053 1.11541e6
830.5252029895782 1.114618e6
850.5290780067444 1.114091e6
870.525536775589 1.112597e6
890.5291368961334 1.109195e6
900.0013489723206 1.103963e6
