145
143
138
33
193
262
476
432
56
324
185
268
318
120
254
377
127
326
486
266
229
456
473
497
348
323
170
97
328
382
411
207
155
413
280
190
335
208
178
226
21
447
358
336
369
487
238
222
302
516
478
428
360
525
527
465
440
418
166
150
169
128
503
375
85
402
502
469
409
163
115
300
167
214
73
146
508
220
112
13
179
330
446
353
159
529
510
199
244
311
452
317
505
412
305
248
475
457
314
161
81
118
44
2
252
113
306
231
191
260
500
251
488
513
406
341
240
158
100
338
408
405
20
42
111
96
259
349
450
343
458
388
276
221
24
499
398
217
471
69
227
327
319
292
175
352
344
278
331
504
95
257
195
285
290
347
368
389
466
258
141
107
110
160
80
443
491
482
194
92
282
393
218
147
485
520
422
514
530
192
394
345
481
435
430
403
151
206
130
149
19
18
51
3
22
10
59
438
431
417
472
363
421
479
483
371
459
154
320
423
264
210
58
196
62
61
295
329
31
7
308
57
29
392
444
39
103
367
235
239
386
511
518
526
211
84
241
17
298
83
99
5
11
27
270
157
356
515
464
445
297
425
173
243
136
373
448
200
246
125
186
415
64
14
94
79
133
25
434
522
184
304
134
261
277
16
337
531
410
91
86
509
521
37
46
198
23
313
294
197
493
205
380
429
339
187
325
351
82
77
70
416
74
245
93
399
463
433
350
40
181
38
269
334
474
224
135
397
36
54
131
4
148
216
66
249
316
90
237
122
215
41
299
88
310
230
426
391
265
315
374
332
109
188
362
105
142
236
189
1
442
139
72
26
250
366
275
470
532
495
372
449
9
75
165
301
202
462
376
333
209
8
65
365
119
225
6
12
30
153
45
242
357
289
381
359
263
272
162
34
387
453
519
420
424
71
28
427
494
307
400
361
512
232
228
102
273
441
355
492
484
468
461
498
286
247
322
288
89
201
212
176
490
293
496
129
123
132
63
414
436
439
395
303
124
156
284
396
384
528
506
117
480
378
204
53
15
35
455
454
274
98
101
233
104
379
267
32
152
171
507
383
451
144
407
68
106
271
342
126
183
390
401
437
404
213
121
137
177
116
50
78
354
524
172
140
168
114
67
364
309
203
60
296
164
501
283
174
256
517
489
523
43
180
340
291
467
419
219
287
55
49
279
312
255
253
87
47
460
477
346
281
385
182
321
76
223
370
234
48
108
52
145
