0.0 157159.0
3.995481014251709 97633.0
23.9911150932312 73795.0
43.99148392677307 70368.0
63.99429202079773 65220.0
83.99048614501953 63352.0
103.98966097831726 62609.0
123.99000000953674 61290.0
143.9913671016693 60097.0
163.98919892311096 59911.0
183.99124598503113 59369.0
203.9894471168518 57352.0
223.99227094650269 57073.0
243.99151492118835 55330.0
263.9915699958801 55330.0
283.99036407470703 55110.0
303.9881241321564 52396.0
323.9888241291046 52261.0
343.99610805511475 52085.0
363.9910650253296 52056.0
383.99265909194946 52056.0
403.98862504959106 51632.0
423.99056100845337 51356.0
443.99725699424744 50547.0
463.9925799369812 50547.0
483.9882171154022 50547.0
503.98943400382996 50348.0
523.9898340702057 50348.0
543.9895820617676 49805.0
563.9891510009766 49269.0
583.9896550178528 48266.0
600.0009059906006 48230.0
