272
10
348
232
11
128
349
430
102
252
374
26
432
279
170
467
532
322
304
56
202
310
134
273
246
126
81
157
78
35
283
163
93
323
380
520
475
332
115
423
275
276
312
38
146
137
382
237
191
161
525
117
265
417
516
296
461
371
207
110
187
201
77
327
231
114
504
527
108
99
156
286
60
32
101
263
15
107
153
129
491
90
230
46
245
403
255
168
292
83
490
120
22
473
472
70
124
250
477
67
463
372
121
19
336
487
175
368
205
64
189
352
55
75
409
399
391
267
43
27
442
309
140
220
425
79
506
396
87
104
211
429
95
54
416
324
226
358
308
351
464
149
486
456
510
240
59
162
243
270
166
339
395
331
285
294
88
91
98
321
251
385
318
315
239
529
455
218
30
214
199
521
5
65
259
489
476
228
190
354
369
389
452
484
14
180
39
169
127
238
116
355
515
392
398
167
328
386
235
340
244
478
224
215
381
109
82
367
150
236
135
31
106
290
422
400
138
428
514
335
522
68
341
366
210
434
122
51
394
281
148
462
356
141
330
519
485
53
44
49
427
158
164
307
314
466
406
436
18
258
449
172
530
184
453
470
411
524
424
401
253
378
431
3
278
313
139
257
350
13
16
264
85
437
523
266
50
305
495
447
526
345
96
34
271
249
333
269
242
334
501
42
387
316
219
136
176
217
40
298
66
439
200
9
509
179
362
174
123
58
433
8
513
48
329
151
302
353
342
435
482
183
343
291
359
193
289
212
518
450
444
155
33
363
483
37
171
41
192
247
17
188
445
209
147
373
364
2
497
441
152
229
154
498
388
260
57
119
206
300
177
160
376
412
89
105
248
458
397
319
222
347
21
1
29
6
383
377
103
203
469
145
197
92
493
443
208
295
379
274
474
111
86
113
419
402
500
181
375
280
337
185
277
4
344
459
262
282
186
25
61
448
196
360
254
76
20
216
268
223
62
159
142
256
94
36
293
499
502
317
440
494
12
413
241
471
479
132
28
125
144
221
418
393
45
52
325
23
481
492
496
225
306
63
131
454
457
24
118
297
421
301
531
261
213
326
71
460
438
370
284
415
468
72
507
508
198
165
320
80
133
143
365
303
287
505
112
195
182
311
408
410
361
194
173
384
299
227
511
69
426
84
503
100
233
74
405
346
390
512
420
47
73
204
517
7
357
338
451
178
480
414
234
488
465
446
97
404
407
130
288
528
