0.0 143296.0
4.10313606262207 104171.0
24.106057167053223 79530.0
44.10860300064087 69741.0
64.10750412940979 66603.0
84.1058361530304 63782.0
104.10602021217346 63003.0
124.10512018203735 62725.0
144.10453414916992 61295.0
164.10734915733337 55564.0
184.1052541732788 54903.0
204.10590815544128 53965.0
224.10557198524475 52345.0
244.10517406463623 51172.0
264.1044201850891 51172.0
284.1078929901123 51095.0
304.10492515563965 50205.0
324.1038281917572 49180.0
344.10383009910583 49180.0
364.1058361530304 49180.0
384.10566902160645 48955.0
404.1062500476837 48581.0
424.1056799888611 48479.0
444.1095871925354 48230.0
464.10428500175476 47407.0
484.1060039997101 47407.0
504.10596203804016 46533.0
524.1050701141357 46533.0
544.1064851284027 46533.0
564.1043801307678 46533.0
584.1058261394501 46445.0
600.003496170044 46445.0
