34
60
344
506
524
525
493
190
204
202
218
147
227
413
309
83
132
207
434
425
35
77
326
75
458
258
322
198
505
411
494
484
447
158
91
219
262
366
329
278
488
489
337
363
239
443
422
319
108
267
106
96
144
320
324
58
14
264
36
376
404
345
257
201
52
12
387
436
340
482
184
128
220
82
19
66
283
21
10
153
272
260
134
71
495
415
151
281
249
477
271
23
416
141
176
370
374
236
149
133
233
112
185
334
22
33
180
148
234
305
390
503
406
127
315
46
297
288
497
511
375
522
265
30
240
509
499
136
126
357
89
56
49
17
346
379
244
243
398
485
520
479
343
269
408
429
453
383
369
122
318
252
40
206
407
197
94
55
68
138
338
502
350
500
273
64
164
388
382
423
135
230
116
209
316
276
143
179
325
25
74
245
119
270
295
129
215
442
456
478
510
432
84
4
9
241
186
70
109
221
161
247
445
391
403
65
342
99
86
62
98
385
492
90
13
18
11
173
341
105
26
103
531
384
328
380
437
301
171
63
471
146
170
486
508
195
483
117
356
157
131
61
73
299
372
349
529
229
118
72
5
145
212
474
428
92
41
188
172
226
181
187
274
528
111
224
333
448
107
296
259
339
321
263
461
355
360
336
446
246
335
15
47
332
469
279
392
101
139
1
210
189
29
6
2
306
205
216
38
20
37
45
140
130
57
59
113
87
248
194
124
386
518
513
365
312
367
419
362
102
354
371
481
498
454
347
293
253
280
80
79
160
16
313
223
67
115
81
250
232
268
285
476
302
421
473
532
444
351
93
294
155
282
418
465
530
517
526
441
396
237
242
196
100
154
199
256
373
211
402
420
427
231
203
228
182
304
235
152
261
455
401
472
512
32
214
410
521
377
496
523
431
69
287
178
289
381
426
405
225
275
27
507
330
142
39
8
3
42
53
451
44
54
97
31
48
393
291
449
430
439
414
28
123
51
7
254
433
438
399
462
352
519
459
266
409
435
417
368
162
395
183
95
169
331
200
277
424
440
191
125
359
308
284
468
467
43
238
317
314
286
156
88
50
480
527
167
460
323
358
298
397
327
452
121
491
515
361
217
487
504
104
255
364
175
76
120
307
78
163
110
168
213
290
353
222
292
150
114
310
400
490
389
412
85
303
24
193
165
251
514
516
166
174
208
348
394
501
463
457
466
475
464
470
177
450
300
192
378
311
137
159
34
