0.0 1.586238e6
10.339197874069214 1.420067e6
30.336681842803955 1.391612e6
50.33248591423035 1.356206e6
70.33314085006714 1.33476e6
90.33172798156738 1.305471e6
110.33756184577942 1.294771e6
130.3411259651184 1.276372e6
150.33729696273804 1.275036e6
170.33453702926636 1.261741e6
190.34667205810547 1.252162e6
210.33540892601013 1.239016e6
230.3352358341217 1.235048e6
250.33545684814453 1.228686e6
270.3333489894867 1.217603e6
290.33702087402344 1.217435e6
310.3361909389496 1.199467e6
330.3378269672394 1.198153e6
350.334459066391 1.186376e6
370.3321759700775 1.172448e6
390.33527183532715 1.172129e6
410.3382029533386 1.172129e6
430.33747601509094 1.161231e6
450.3378129005432 1.160082e6
470.33389806747437 1.160082e6
490.3369538784027 1.15214e6
510.3360450267792 1.144413e6
530.3338038921356 1.137863e6
550.3493809700012 1.137863e6
570.3358500003815 1.137863e6
590.337014913559 1.130776e6
610.336935043335 1.129777e6
630.3354730606079 1.122285e6
650.3367218971252 1.111485e6
670.3352890014648 1.111485e6
690.3349409103394 1.107521e6
710.3361258506775 1.106231e6
730.3360819816589 1.106231e6
750.3383479118347 1.106231e6
770.3335809707642 1.106231e6
790.3349890708923 1.104966e6
810.3374099731445 1.100994e6
830.3332588672638 1.100994e6
850.3378050327301 1.099574e6
870.3492510318756 1.099574e6
890.336179971695 1.095938e6
900.0045108795166 1.095938e6
