0.0 1.569139e6
1.916309118270874 1.504089e6
21.85365319252014 1.386269e6
41.888051986694336 1.318908e6
61.929957151412964 1.280906e6
81.84473299980164 1.269916e6
101.85143399238586 1.265039e6
121.87158608436584 1.246546e6
141.8716790676117 1.22891e6
161.9101550579071 1.224535e6
181.8757061958313 1.208392e6
201.87136006355286 1.204658e6
221.9350221157074 1.189718e6
241.89742398262024 1.18608e6
261.84609603881836 1.18608e6
281.8604609966278 1.184214e6
301.8559191226959 1.17283e6
321.8481230735779 1.166148e6
341.9345030784607 1.164658e6
361.8933391571045 1.160111e6
381.8799731731415 1.153369e6
401.8525700569153 1.14239e6
421.91007900238037 1.141852e6
441.887109041214 1.136473e6
461.8737530708313 1.130837e6
481.85328912734985 1.12308e6
501.8904390335083 1.12308e6
521.8905901908875 1.116615e6
541.8825039863586 1.100536e6
561.863517999649 1.100242e6
581.8504891395569 1.100242e6
601.9145200252533 1.096105e6
621.9296860694885 1.096105e6
641.8458411693573 1.093169e6
661.8552901744843 1.093169e6
681.8855080604553 1.08856e6
701.8944680690765 1.084337e6
721.8780481815338 1.079912e6
741.8796579837799 1.079912e6
761.8573050498962 1.079912e6
781.9690730571747 1.079721e6
801.9294672012329 1.072988e6
821.8976202011108 1.071714e6
841.8819801807404 1.070965e6
861.8688910007477 1.065466e6
881.9056260585785 1.064337e6
900.0333070755005 1.060863e6
