252
212
458
462
346
379
207
507
515
517
497
457
369
300
202
232
227
205
79
294
332
326
142
41
85
144
107
119
93
333
14
55
272
295
102
140
2
37
56
349
254
175
459
428
239
192
170
271
267
32
197
60
24
298
49
10
18
393
7
33
113
460
345
483
353
354
485
508
518
26
153
396
235
498
431
387
226
12
150
247
1
296
189
237
255
324
321
223
336
244
521
123
67
169
426
463
447
392
471
502
367
376
323
62
469
124
148
280
104
70
121
268
44
25
35
9
152
313
466
516
465
311
352
17
118
448
264
242
38
75
418
434
183
136
39
36
283
491
350
421
446
274
505
461
351
325
116
61
358
307
372
531
362
439
399
444
451
83
90
305
172
348
129
400
146
339
340
13
63
495
432
187
409
21
176
28
58
423
195
504
231
166
279
412
177
69
134
193
179
526
299
149
91
377
429
404
427
303
293
167
365
487
414
257
209
64
59
450
442
385
489
496
194
253
30
221
233
440
529
157
131
380
289
206
34
57
407
500
341
182
524
520
430
236
438
436
105
45
127
101
245
343
335
437
381
286
470
347
482
240
506
256
317
422
473
476
199
493
355
258
388
309
154
230
357
406
361
475
217
238
290
490
501
94
375
312
6
108
29
191
211
126
288
219
87
40
27
43
81
173
222
220
455
327
171
356
378
88
117
160
402
454
445
477
308
318
291
78
338
368
241
224
143
114
164
334
120
15
165
449
511
512
243
156
80
174
73
218
310
277
161
216
162
77
265
382
246
480
528
509
494
261
96
304
103
425
263
410
106
112
394
467
328
363
443
259
54
366
315
168
196
208
95
111
453
316
200
22
130
292
330
270
184
97
3
530
472
441
390
190
4
16
284
398
248
72
92
420
198
163
155
225
138
145
46
373
282
66
20
19
115
147
185
499
514
452
122
456
281
519
89
133
479
488
337
301
186
260
486
395
302
331
513
285
278
403
532
510
522
213
306
203
329
411
384
76
419
391
266
468
139
215
413
297
228
435
48
31
42
109
128
135
86
269
484
51
322
65
53
229
527
383
314
464
251
250
188
424
408
275
52
110
68
178
82
320
8
158
415
5
342
397
371
481
364
417
132
523
478
99
47
23
125
525
503
159
319
181
273
11
287
100
276
405
416
389
98
492
370
249
204
344
234
180
262
214
84
433
201
137
359
141
374
210
50
151
71
74
474
401
386
360
252
