262
290
302
240
258
279
6
15
301
526
256
357
494
414
150
340
125
98
452
416
289
252
21
361
436
280
435
525
350
101
62
334
512
287
310
408
254
224
473
199
278
3
183
155
517
405
438
367
25
44
444
274
317
172
511
457
14
306
430
386
421
210
410
84
320
407
54
7
248
61
474
231
36
144
162
433
292
140
267
185
72
255
100
239
441
196
478
313
415
483
37
59
359
288
460
394
476
264
314
521
506
132
103
206
234
244
168
409
422
488
32
356
273
93
94
413
176
186
371
96
463
276
382
77
250
198
39
4
137
319
257
105
406
195
127
490
499
174
347
226
335
63
178
459
133
368
291
139
270
165
419
344
380
180
135
393
116
384
19
92
466
465
341
243
492
70
197
64
119
141
237
213
259
315
190
145
9
477
516
464
442
171
418
73
114
507
286
455
468
57
104
370
146
166
131
412
113
328
528
489
363
331
283
299
173
423
220
211
175
1
369
2
149
509
503
445
500
379
79
95
194
107
298
142
268
360
184
275
13
193
505
68
297
47
269
245
378
152
527
520
308
41
156
235
345
305
161
469
482
312
364
519
493
75
453
8
18
230
236
388
182
247
65
524
373
318
501
376
426
118
487
177
217
508
223
87
351
45
97
397
207
431
89
214
42
10
307
130
216
120
154
429
5
71
420
402
282
26
53
417
353
449
164
143
472
390
529
496
281
227
157
294
531
126
439
323
219
167
147
510
337
427
16
24
48
181
136
228
76
83
498
450
67
272
108
329
246
260
381
461
432
208
215
40
324
375
34
447
160
138
151
52
263
153
304
124
188
285
424
109
82
454
251
169
115
425
80
303
191
31
321
242
117
462
66
249
102
385
446
428
374
74
342
497
523
121
69
443
458
222
271
266
377
265
387
326
295
241
28
399
38
88
99
372
515
349
479
475
530
513
522
470
358
481
471
325
22
81
111
354
365
330
401
170
502
392
85
60
159
322
205
383
398
232
300
389
352
343
204
189
491
404
495
366
91
35
27
200
203
480
333
348
261
411
504
209
11
355
339
486
532
33
90
12
437
434
485
187
49
253
128
106
225
129
277
293
316
134
163
30
29
58
112
514
518
484
179
403
43
296
327
23
148
17
233
46
20
396
201
55
51
400
395
309
238
229
123
158
451
456
50
467
336
332
391
311
346
202
192
362
56
338
122
212
110
78
218
448
221
440
284
86
