19
341
18
410
342
96
137
237
170
277
349
407
195
108
415
80
338
319
367
476
223
408
24
256
304
515
51
118
508
464
244
274
105
480
455
242
261
165
336
186
456
204
173
522
310
12
220
348
77
462
344
229
257
218
230
2
518
222
314
397
458
481
27
113
44
179
109
180
486
259
35
275
189
316
272
219
82
104
128
325
297
255
354
268
166
209
373
9
495
285
389
283
363
496
315
405
391
28
38
308
530
383
65
282
440
174
90
163
117
485
7
417
243
227
62
251
76
343
85
327
1
4
5
58
353
253
260
129
472
489
317
384
151
492
148
69
235
483
466
34
252
120
470
482
288
377
457
264
478
43
158
212
36
271
226
403
112
13
504
289
183
499
406
491
395
122
159
328
339
94
468
228
370
245
156
126
201
396
334
375
379
447
40
142
292
89
269
453
73
81
147
150
26
53
318
459
479
477
91
351
132
450
337
145
427
451
184
231
303
3
225
436
107
86
185
432
300
309
493
521
197
20
267
11
502
401
320
400
385
249
224
123
374
467
386
311
175
433
394
208
125
72
138
124
371
247
176
270
140
441
422
162
273
131
31
426
238
295
194
152
70
393
357
167
529
202
102
428
83
390
473
359
404
215
63
444
60
293
240
68
232
505
331
366
461
429
437
56
332
52
449
54
8
116
141
119
196
475
263
49
84
286
463
262
509
474
181
364
507
435
279
500
324
340
287
434
203
200
250
501
21
217
33
265
16
514
488
172
487
525
380
134
10
276
511
146
154
178
443
305
47
526
516
98
61
513
418
121
347
452
322
42
360
254
6
171
205
284
378
307
278
419
290
312
365
67
454
382
425
155
524
330
442
135
361
445
519
37
114
326
39
266
321
350
345
484
531
221
246
448
87
144
17
59
376
88
139
296
258
333
23
177
97
239
302
497
446
346
301
355
95
306
416
169
362
206
409
398
532
15
412
439
157
41
471
92
299
352
233
413
136
164
103
188
280
213
22
149
460
190
490
520
528
523
503
29
32
55
153
298
323
211
335
187
465
182
75
313
241
46
64
210
423
207
414
191
431
199
527
71
45
192
510
498
506
420
78
14
106
111
512
424
369
281
368
99
494
388
57
469
216
100
130
66
356
372
381
214
421
291
392
50
329
402
161
198
48
399
358
30
160
411
438
25
127
79
387
115
294
110
236
74
133
143
193
248
168
234
93
101
517
430
19
