0.0 1.594377e6
6.005436897277832 1.387513e6
26.007322072982788 1.310125e6
46.007505893707275 1.292657e6
66.0058319568634 1.271977e6
86.00634288787842 1.263808e6
106.00678586959839 1.226953e6
126.00538206100464 1.221566e6
146.00539588928223 1.205298e6
166.00550198554993 1.190009e6
186.00704908370972 1.186919e6
206.00569701194763 1.170998e6
226.00552797317505 1.158932e6
246.00537610054016 1.155199e6
266.007355928421 1.145309e6
286.0055510997772 1.140892e6
306.0053000450134 1.132499e6
326.0063760280609 1.123935e6
346.0058798789978 1.1134e6
366.00600504875183 1.107076e6
386.01221895217896 1.106506e6
406.00539803504944 1.092339e6
426.00675892829895 1.091754e6
446.00530791282654 1.085814e6
466.0062370300293 1.077388e6
486.00652599334717 1.075226e6
506.0064399242401 1.061834e6
526.0058960914612 1.055812e6
546.0107898712158 1.052277e6
566.0056450366974 1.049974e6
586.0062210559845 1.0418e6
606.0060839653015 1.0418e6
626.0056118965149 1.038212e6
646.0063199996948 1.034258e6
666.0065898895264 1.028319e6
686.0068800449371 1.01436e6
706.0060129165649 1.01436e6
726.0066909790039 1.011352e6
746.0063779354095 1.011352e6
766.0064129829407 997266.0
786.0064120292664 996147.0
806.0058550834656 989409.0
826.0063650608063 989346.0
846.0060091018677 987271.0
866.0066359043121 983204.0
886.0064799785614 981626.0
900.000412940979 981626.0
