355
116
384
57
111
75
62
421
501
190
200
161
351
125
322
55
189
123
60
91
505
296
193
233
375
228
146
16
461
138
230
366
328
442
494
468
433
414
269
455
117
86
360
486
348
478
401
285
521
257
66
13
103
141
318
349
425
439
314
341
475
386
290
524
472
513
97
169
64
96
71
305
145
232
373
438
19
403
493
490
430
450
362
95
212
458
495
520
476
449
530
337
217
238
334
419
447
498
260
267
252
307
127
266
301
332
121
160
292
177
335
496
374
376
367
484
465
512
256
37
133
181
372
528
380
152
33
460
448
405
321
323
379
404
198
84
49
457
293
327
199
336
69
170
227
3
135
151
176
82
310
434
166
262
219
87
283
435
51
24
45
93
272
148
204
137
34
5
4
73
104
26
330
518
424
429
346
393
377
350
316
206
273
385
402
237
304
158
246
497
378
503
516
487
389
356
150
65
112
294
132
303
492
282
185
413
394
67
171
186
279
110
253
38
391
363
489
347
311
68
115
410
129
396
507
464
244
317
213
144
178
197
142
128
248
411
454
6
114
8
245
124
288
289
474
41
223
156
241
207
342
140
184
239
2
43
242
88
370
101
268
395
354
466
511
306
371
250
295
418
143
31
79
406
251
459
284
136
229
514
443
329
423
343
286
408
254
277
276
154
80
225
265
313
14
1
12
324
312
369
437
274
243
319
70
167
462
431
469
463
412
309
105
108
209
126
74
90
382
258
7
27
208
352
358
255
46
36
368
333
47
10
9
63
234
298
20
77
249
76
491
398
320
165
22
59
134
175
179
315
325
338
426
481
409
451
32
52
18
399
299
30
81
155
445
479
527
308
427
397
339
21
54
120
271
17
187
365
515
361
390
509
499
446
383
506
526
480
456
470
477
107
147
201
172
122
194
39
40
131
173
56
78
210
280
203
236
275
118
467
502
483
157
220
523
517
510
326
163
130
162
387
247
444
300
153
388
72
15
113
216
357
100
83
94
53
180
23
231
218
11
61
302
331
522
508
422
471
353
482
221
168
48
415
214
441
28
291
436
453
35
196
261
102
235
364
531
270
345
205
340
359
532
344
92
278
240
222
407
183
50
164
159
191
281
226
174
85
25
42
29
58
287
44
99
106
224
89
182
119
202
504
188
109
473
488
98
392
400
519
195
452
432
500
192
529
485
525
417
416
259
149
215
211
264
297
263
139
381
420
428
440
355
