434
142
184
76
29
193
246
13
371
441
88
241
63
488
195
527
478
384
266
287
8
456
162
271
514
363
326
196
277
236
31
481
268
167
475
484
210
215
182
375
211
422
365
172
185
438
443
529
313
403
24
391
454
409
457
244
136
41
164
86
20
62
485
99
414
494
117
292
336
5
284
439
212
309
72
406
410
373
202
330
270
431
512
356
412
398
71
160
223
137
183
451
92
82
386
17
102
468
445
235
342
154
139
324
198
91
289
243
321
364
509
203
221
499
297
85
21
329
168
143
217
450
310
250
521
407
22
242
40
308
213
382
491
331
333
6
257
425
156
48
345
10
258
93
463
503
303
114
428
466
148
191
34
262
395
256
518
479
225
399
163
130
387
265
500
440
311
506
109
30
348
157
532
335
320
240
429
296
390
360
397
254
497
366
108
192
285
344
274
94
415
209
493
489
231
334
464
328
513
200
152
426
427
459
140
229
452
75
3
510
361
7
530
222
394
177
315
523
419
472
524
305
322
12
64
55
299
281
105
153
206
251
507
252
106
300
526
165
83
135
312
70
370
245
158
171
480
327
226
347
374
346
205
340
150
455
247
220
204
208
53
124
343
14
293
161
504
302
239
388
115
155
353
267
49
181
126
418
379
52
57
517
306
50
90
383
249
89
325
26
123
389
490
81
11
263
119
230
59
298
39
471
473
87
98
111
159
465
377
423
145
122
43
80
362
301
224
9
482
462
16
127
36
35
372
125
144
228
433
260
421
169
520
104
18
381
190
357
402
32
1
288
272
27
141
316
349
178
528
166
385
133
97
25
44
519
269
393
436
276
174
444
218
323
67
4
486
77
492
273
408
56
131
110
103
264
447
470
232
58
237
458
417
261
367
84
511
339
187
101
96
405
400
78
376
151
469
129
476
255
332
430
149
317
38
435
496
411
176
107
37
186
238
525
201
359
477
61
380
448
501
2
234
392
516
179
45
74
15
65
424
69
446
233
498
307
253
60
216
351
355
23
338
460
283
396
350
318
304
337
508
487
189
420
33
146
51
128
100
282
401
134
279
118
227
199
112
259
188
278
515
28
47
180
120
502
275
286
369
173
354
522
290
132
175
437
46
194
248
483
467
495
42
453
352
442
138
116
113
54
73
505
207
319
368
79
95
314
291
294
197
404
214
19
416
474
147
531
358
461
66
378
280
413
219
432
295
449
121
170
341
68
434
