0.0 1.591996e6
2.3893239498138428 1.576293e6
22.407373905181885 1.576293e6
42.409209966659546 1.576293e6
62.40918493270874 1.576293e6
82.40659880638123 1.576293e6
102.40722489356995 1.576293e6
122.39285182952881 1.576293e6
142.401221036911 1.576293e6
162.39034795761108 1.576293e6
182.3969910144806 1.576293e6
202.40353083610535 1.576293e6
222.4008538722992 1.576293e6
242.39046001434326 1.576293e6
262.40781688690186 1.576293e6
282.39835596084595 1.576293e6
302.39892387390137 1.576293e6
322.3986728191376 1.576293e6
342.40940499305725 1.576293e6
362.3892858028412 1.576293e6
382.40092492103577 1.576293e6
402.4009699821472 1.576293e6
422.4062659740448 1.576293e6
442.3943338394165 1.576293e6
462.4036138057709 1.576293e6
482.41131591796875 1.576293e6
502.4028859138489 1.576293e6
522.3942840099335 1.576293e6
542.3941328525543 1.576293e6
562.3939838409424 1.576293e6
582.3896119594574 1.576293e6
602.4084739685059 1.576293e6
622.4047179222107 1.576293e6
642.4035518169403 1.576293e6
662.4036419391632 1.576293e6
682.4054458141327 1.576293e6
702.39524102211 1.576293e6
722.3901379108429 1.576293e6
742.4004368782043 1.576293e6
762.4045679569244 1.576293e6
782.4097909927368 1.576293e6
802.3910908699036 1.576293e6
822.3911609649658 1.576293e6
842.3905069828033 1.576293e6
862.4010698795319 1.576293e6
882.4094870090485 1.576293e6
900.0013039112091 1.576293e6
