0.0 1.664171e6
15.884031057357788 1.41399e6
35.87263798713684 1.371284e6
55.87099003791809 1.36108e6
75.87370610237122 1.329729e6
95.87354803085327 1.323478e6
115.8778440952301 1.307729e6
135.87702989578247 1.300805e6
155.87850499153137 1.288377e6
175.87021493911743 1.27963e6
195.87249898910522 1.26813e6
215.87190198898315 1.261796e6
235.8809940814972 1.259718e6
255.87518000602722 1.251326e6
275.8716199398041 1.243518e6
295.876168012619 1.231791e6
315.87571811676025 1.211886e6
335.8742530345917 1.205346e6
355.8702208995819 1.205346e6
375.87310695648193 1.203842e6
395.8736379146576 1.196057e6
415.88841104507446 1.1935e6
435.87079310417175 1.1935e6
455.87603092193604 1.192685e6
475.87625908851624 1.189363e6
495.87687706947327 1.177515e6
515.8762650489807 1.177515e6
535.8780150413513 1.17646e6
555.8763411045074 1.164134e6
575.8833210468292 1.162601e6
595.8740780353546 1.159782e6
600.0029621124268 1.154459e6
