42
155
20
172
526
473
158
112
186
246
214
384
465
421
201
283
429
425
43
35
300
427
326
348
351
78
63
269
90
206
354
238
27
18
342
295
171
271
276
8
323
463
16
23
113
452
515
524
223
202
115
446
485
278
121
334
95
488
251
11
108
13
253
211
222
353
356
320
229
419
393
9
336
240
398
395
362
502
516
504
503
383
209
69
481
291
286
248
98
319
46
180
415
311
456
301
344
477
261
252
53
37
390
474
462
459
445
296
26
61
531
451
141
212
442
346
389
1
2
119
241
143
159
162
166
146
107
280
189
94
185
142
284
41
131
127
199
347
257
207
497
363
496
498
461
65
30
458
394
129
39
302
117
345
116
161
208
51
358
313
304
263
294
339
355
482
148
177
70
407
338
437
250
197
460
349
454
430
264
66
341
4
235
134
14
125
226
183
139
200
324
91
352
317
285
33
175
310
236
225
126
279
109
277
137
75
457
378
476
520
519
431
375
312
245
483
475
480
528
529
244
385
188
79
10
210
50
387
406
256
464
350
416
424
490
273
411
170
132
328
364
505
316
203
259
318
399
228
232
44
266
181
194
492
99
76
67
357
486
484
145
447
195
17
471
144
289
374
380
105
523
330
268
82
297
247
102
163
34
74
89
231
287
149
196
160
151
167
402
327
466
337
184
365
440
436
408
262
403
216
386
290
525
511
491
506
426
22
377
500
467
179
164
495
315
382
512
517
370
494
428
469
439
83
299
443
29
376
135
85
373
234
122
369
56
329
233
88
205
343
128
470
47
111
213
514
422
478
391
392
254
260
255
198
3
80
40
509
527
71
307
178
133
332
52
265
432
401
86
87
215
381
221
379
227
249
258
309
59
157
92
19
5
293
275
405
281
165
410
123
6
314
220
110
400
433
368
366
72
62
136
487
306
325
413
204
152
182
493
147
28
292
114
138
340
101
120
68
21
169
106
190
468
412
174
303
359
518
49
176
24
73
530
243
193
274
489
521
455
532
409
168
397
288
38
104
31
237
434
449
372
360
361
224
321
499
510
239
154
25
513
508
450
57
282
270
7
333
230
435
420
438
388
96
150
219
242
423
64
187
501
396
414
441
218
267
12
15
55
32
93
156
272
472
507
418
48
448
298
305
60
130
84
97
54
58
153
100
322
118
417
453
335
308
371
522
479
192
331
217
173
45
36
444
81
404
367
191
124
103
140
77
