0.0 1.558771e6
19.414638996124268 1.350954e6
39.41350483894348 1.31267e6
59.41530799865723 1.281114e6
79.41497302055359 1.279428e6
99.41520190238953 1.254894e6
119.41377592086792 1.224494e6
139.41537189483643 1.218184e6
159.4154679775238 1.204588e6
179.41661286354065 1.189657e6
199.4149079322815 1.176754e6
219.41573691368103 1.175172e6
239.4155080318451 1.169369e6
259.4148759841919 1.155369e6
279.4142940044403 1.15104e6
299.41382598876953 1.149099e6
319.4144868850708 1.138039e6
339.41747093200684 1.126558e6
359.41497588157654 1.110992e6
379.41435384750366 1.110992e6
399.4145188331604 1.106404e6
419.4166839122772 1.098038e6
439.41544699668884 1.092642e6
459.41425800323486 1.090795e6
479.4199848175049 1.086584e6
499.41601395606995 1.085445e6
519.4149169921875 1.066543e6
539.4164788722992 1.06412e6
559.416669845581 1.064008e6
579.4152250289917 1.063497e6
599.415944814682 1.060904e6
619.4141058921814 1.053937e6
639.4157910346985 1.048852e6
659.4134588241577 1.040665e6
679.4143509864807 1.038865e6
699.4150269031525 1.035466e6
719.4160180091858 1.034703e6
739.4162759780884 1.030936e6
759.4166598320007 1.027368e6
779.4150958061218 1.020582e6
799.4158070087433 1.020127e6
819.4142949581146 1.016866e6
839.4137568473816 1.00808e6
859.4157748222351 1.007471e6
879.4135730266571 1.006087e6
899.4152669906616 1.002903e6
899.9993629455566 1.002903e6
