218
333
249
270
222
337
306
340
428
216
363
353
515
465
72
99
120
379
49
473
102
427
395
22
221
90
65
52
2
147
356
184
496
522
170
394
369
350
187
140
277
339
358
412
335
344
450
423
267
445
387
380
410
316
301
432
479
456
229
46
191
325
234
529
349
202
60
31
59
78
25
53
503
528
104
209
195
525
244
361
101
338
342
166
81
24
35
272
114
298
226
367
252
280
151
425
404
245
169
161
1
231
269
32
86
357
58
97
66
299
98
172
516
498
483
526
401
253
224
300
23
12
294
85
28
470
291
460
271
297
263
130
241
55
94
447
376
107
343
334
382
82
292
232
481
442
455
176
110
230
289
374
43
207
123
220
74
312
13
20
281
175
400
238
317
278
314
480
472
158
39
121
497
152
248
162
422
256
485
443
347
69
88
391
403
341
378
331
199
466
302
139
508
523
489
452
311
385
512
532
519
389
235
492
309
73
531
437
419
424
433
434
514
488
327
313
377
435
173
171
92
131
103
204
284
250
197
429
68
201
159
330
146
398
464
517
365
326
408
453
409
190
141
40
48
373
174
200
242
27
87
83
186
215
275
203
193
274
117
149
75
178
321
264
436
438
210
34
57
33
128
346
467
5
14
47
237
181
129
119
118
89
126
463
315
124
109
355
194
6
56
266
198
372
360
17
18
213
386
421
42
115
105
332
323
259
381
185
420
426
501
348
50
431
164
3
133
112
135
518
446
290
354
478
509
475
383
251
487
243
471
441
454
16
30
233
307
462
320
476
499
227
111
84
246
188
206
261
318
223
258
154
500
417
136
228
268
142
279
393
211
167
494
138
288
502
477
257
67
310
219
439
521
506
324
390
165
61
359
505
371
411
182
440
192
240
122
247
459
468
451
448
29
108
392
402
196
418
113
144
414
329
163
44
63
21
155
308
150
430
495
484
493
236
366
370
513
510
504
127
76
41
160
405
396
461
407
322
260
415
214
9
8
368
345
225
189
132
11
352
399
362
416
79
10
36
168
212
305
38
77
255
145
7
364
54
262
449
530
524
507
520
527
444
491
273
217
285
239
406
511
457
19
4
51
482
208
62
137
388
351
254
486
95
45
153
205
15
134
474
282
397
336
490
328
319
375
295
296
304
96
93
157
70
125
100
106
469
458
413
276
384
156
283
287
180
116
91
183
179
26
293
286
265
37
71
80
177
303
64
148
143
218
