126
510
250
505
349
232
176
282
2
59
469
274
399
311
370
228
133
55
444
155
44
143
412
102
85
495
383
514
32
303
511
524
276
285
506
401
408
335
299
289
521
427
463
99
294
380
310
291
293
220
503
77
381
238
496
114
106
216
435
423
429
397
326
16
362
241
214
409
384
166
301
330
532
447
438
173
206
504
314
529
208
297
378
65
141
159
446
465
256
305
416
12
68
122
188
352
149
296
167
454
267
490
432
83
61
242
400
120
324
255
372
213
207
145
40
475
338
164
518
488
530
165
124
57
247
104
279
58
433
212
353
428
440
425
47
51
477
185
317
266
369
136
376
15
73
385
405
269
34
348
481
82
320
424
462
295
134
336
286
11
491
464
466
90
72
508
531
171
117
451
226
404
24
382
23
157
54
419
244
101
264
150
516
487
45
368
421
222
240
499
156
64
113
196
233
277
96
366
154
284
21
334
74
332
26
71
7
327
278
350
260
184
158
249
103
43
151
273
392
467
520
235
128
31
265
374
186
283
450
287
50
115
343
198
512
41
227
111
91
389
248
87
219
194
507
492
69
204
484
39
253
436
422
321
46
138
364
363
105
100
476
452
202
130
1
342
37
377
501
109
356
19
259
98
272
13
420
365
472
172
125
81
80
9
10
121
262
300
97
129
5
110
116
519
190
341
517
251
358
215
329
313
493
70
140
14
78
94
331
513
485
290
443
225
270
127
333
453
153
199
398
52
25
359
494
355
417
56
371
28
148
112
445
351
66
27
179
144
137
316
229
221
3
456
142
182
174
67
361
309
245
323
396
312
498
60
38
22
315
35
89
223
470
205
426
486
482
473
268
393
17
340
373
308
29
131
75
418
200
48
304
84
93
354
375
257
209
431
344
474
180
63
160
252
367
478
139
307
280
455
528
525
18
162
410
33
42
197
461
468
191
86
411
434
407
254
318
357
414
403
306
163
386
457
183
479
515
527
322
132
147
187
500
497
328
459
92
62
415
231
8
388
390
118
302
243
406
20
152
234
263
379
509
319
339
79
195
6
224
201
526
275
460
108
177
347
402
292
246
430
413
88
325
211
395
471
123
30
271
49
146
181
261
502
522
480
230
135
441
107
483
76
36
175
346
442
53
168
161
218
387
239
178
288
192
489
258
394
458
203
217
4
298
189
193
169
237
210
170
360
281
449
345
437
448
391
236
523
337
95
439
119
126
