286
253
378
521
222
217
454
114
212
123
73
364
301
487
526
331
486
360
341
420
203
197
33
356
199
528
179
450
153
126
1
242
246
430
53
446
347
415
109
9
32
115
96
94
186
106
376
113
394
490
157
390
202
467
465
353
527
170
101
136
255
431
18
187
10
173
140
132
148
254
263
460
348
259
231
507
234
228
429
442
208
147
174
340
351
283
344
163
161
119
425
63
62
20
418
443
523
436
277
312
47
464
530
368
475
406
498
81
416
366
510
401
64
60
121
440
303
525
45
52
151
162
39
230
252
145
474
56
144
93
90
427
402
339
417
354
326
439
225
276
168
209
193
400
377
281
318
461
294
372
59
28
118
65
150
387
334
84
98
287
269
278
46
87
26
345
137
198
76
324
31
156
505
133
88
139
375
382
35
29
160
260
149
448
25
182
57
49
14
322
245
504
522
531
155
143
69
501
275
104
16
273
391
177
447
466
244
4
385
240
352
178
105
233
227
514
469
367
247
309
308
482
58
457
472
43
520
299
146
200
380
279
365
89
13
213
479
370
266
131
357
291
191
221
399
181
196
107
297
516
256
320
70
36
280
379
120
313
444
413
524
95
159
219
176
355
293
271
54
481
142
236
480
412
21
38
128
332
473
204
307
422
497
485
8
206
477
232
165
110
424
381
408
405
337
316
79
267
6
262
261
205
50
92
489
397
321
17
124
411
500
403
134
214
37
67
290
409
48
494
468
3
51
55
251
226
441
152
292
304
11
265
22
462
127
72
305
2
215
414
338
407
248
34
470
166
492
502
172
393
42
158
41
7
249
210
97
183
453
298
434
435
455
421
428
512
82
207
426
296
452
85
274
164
241
218
374
27
328
456
19
423
111
237
388
330
302
285
171
329
129
211
511
100
108
86
395
235
476
319
458
459
268
410
306
392
122
78
112
532
506
117
5
102
169
369
515
229
445
288
478
396
327
300
529
349
167
257
40
350
154
323
74
190
103
335
491
295
433
61
194
314
238
220
130
180
404
23
371
243
250
358
66
223
484
135
384
499
24
15
125
141
184
451
386
317
509
517
192
488
71
83
483
264
336
493
284
359
189
289
362
333
99
518
389
270
201
383
513
503
398
419
373
224
30
343
91
310
44
495
346
463
216
12
325
116
185
437
188
239
432
75
80
68
315
258
471
272
342
363
282
311
519
438
361
138
195
496
449
175
77
508
