0.0 1.580848e6
5.846369981765747 1.411326e6
25.847450971603394 1.353571e6
45.84722113609314 1.329059e6
65.84708404541016 1.291963e6
85.8468291759491 1.259282e6
105.84723401069641 1.243025e6
125.84732007980347 1.226063e6
145.84789514541626 1.218331e6
165.84728813171387 1.210554e6
185.84672808647156 1.182051e6
205.84702897071838 1.174428e6
225.8471601009369 1.16205e6
245.847177028656 1.15299e6
265.8472571372986 1.15299e6
285.84715008735657 1.146754e6
305.8463351726532 1.141615e6
325.8470959663391 1.131744e6
345.8465759754181 1.118305e6
365.84644508361816 1.1157e6
385.8473131656647 1.112733e6
405.8536310195923 1.0981e6
425.8464570045471 1.096916e6
445.84785413742065 1.092767e6
465.84646701812744 1.087731e6
485.8534560203552 1.082646e6
505.8476231098175 1.079375e6
525.8477621078491 1.075264e6
545.8565020561218 1.071908e6
565.8473060131073 1.058587e6
585.849328994751 1.05358e6
605.8529741764069 1.047135e6
625.8558421134949 1.047135e6
645.8476409912109 1.044162e6
665.8465621471405 1.043089e6
685.8467669487 1.038523e6
705.8470630645752 1.02763e6
725.848494052887 1.024849e6
745.8465890884399 1.023382e6
765.8466889858246 1.02054e6
785.8467161655426 1.018708e6
805.8538510799408 1.018708e6
825.8485200405121 1.018708e6
845.8478491306305 1.013803e6
865.8474380970001 1.01272e6
885.8467559814453 1.011104e6
900.0048439502716 1.005872e6
