0.0 1.548852e6
1.9946048259735107 1.492701e6
22.031867027282715 1.382625e6
42.07022190093994 1.331851e6
62.04108691215515 1.297206e6
82.04114294052124 1.269473e6
102.00745391845703 1.257756e6
121.99974989891052 1.252259e6
142.02938294410706 1.246706e6
162.01811385154724 1.23887e6
182.01134705543518 1.220534e6
202.03777885437012 1.215631e6
222.0162329673767 1.205753e6
242.00674200057983 1.204263e6
262.03284788131714 1.193612e6
282.0471169948578 1.191261e6
302.02994084358215 1.181511e6
322.00529885292053 1.179678e6
342.01544404029846 1.165232e6
362.0173418521881 1.155648e6
382.045804977417 1.154309e6
402.0124888420105 1.150446e6
421.9979040622711 1.140952e6
442.0269730091095 1.13049e6
462.04129695892334 1.120818e6
482.0486979484558 1.112619e6
502.00078296661377 1.107343e6
522.0564680099487 1.104871e6
541.998920917511 1.097424e6
562.0479459762573 1.097424e6
582.016373872757 1.095978e6
602.0616359710693 1.088069e6
622.071044921875 1.088069e6
642.0319328308105 1.085878e6
662.0465178489685 1.085084e6
682.086217880249 1.085084e6
702.0465099811554 1.079886e6
722.0759899616241 1.078844e6
742.0827829837799 1.073238e6
762.0461988449097 1.071113e6
782.0378420352936 1.06989e6
802.0202069282532 1.067521e6
822.002189874649 1.067521e6
842.0128860473633 1.062343e6
862.0237040519714 1.059596e6
882.0083379745483 1.046697e6
900.0164649486542 1.04238e6
