159
437
64
385
233
528
529
457
432
217
16
226
77
189
303
65
43
236
117
350
243
525
504
250
431
510
157
489
511
146
218
242
429
426
404
397
202
196
419
396
114
289
86
349
403
325
413
71
94
318
450
502
38
32
33
110
182
463
156
75
73
78
120
508
514
487
530
389
367
481
142
290
378
165
343
291
105
256
356
453
439
509
369
313
337
495
285
119
388
160
366
76
360
298
113
400
519
484
29
13
104
436
433
391
394
211
460
145
25
128
405
148
63
168
101
493
381
61
122
446
238
485
499
244
347
208
532
340
23
255
112
140
323
430
355
412
150
9
163
149
10
197
106
83
107
98
66
172
282
438
518
480
222
240
314
39
151
252
414
320
522
462
371
442
467
309
315
483
497
406
354
515
465
370
498
501
53
209
111
144
133
409
147
169
308
14
334
344
505
121
248
126
368
440
461
482
491
517
443
390
7
54
387
380
132
8
288
297
454
253
265
486
531
213
232
49
115
362
194
215
153
231
181
488
341
192
478
520
473
162
184
266
268
245
55
264
393
527
475
56
359
139
262
287
193
230
19
124
468
373
451
293
410
173
69
398
474
60
331
336
227
109
34
235
299
135
416
45
26
424
444
423
21
11
50
41
177
434
280
364
257
36
477
386
458
492
377
479
524
223
301
357
100
277
523
383
363
422
302
239
220
496
459
6
210
185
190
316
335
327
195
51
18
12
72
167
332
435
399
346
70
345
131
358
338
62
155
342
305
407
351
452
421
311
466
469
420
448
180
1
52
365
171
330
246
425
307
138
82
154
310
212
300
267
322
408
67
374
274
472
476
447
263
237
216
137
329
273
449
494
384
395
102
328
141
44
455
372
500
471
506
317
353
513
503
507
411
90
272
175
401
521
441
512
526
516
47
247
30
84
103
427
187
22
116
278
464
292
27
271
37
254
224
89
96
42
57
3
392
204
35
28
158
130
319
125
281
456
95
199
123
174
445
333
161
136
88
183
97
179
205
74
269
418
99
275
91
428
143
284
295
361
382
201
376
276
294
470
304
2
5
4
129
417
249
166
206
261
229
198
258
490
375
46
415
270
200
207
296
118
59
48
251
127
234
85
81
79
80
58
152
283
221
402
306
324
312
15
24
20
108
93
286
241
326
352
188
134
203
186
260
279
31
170
178
191
40
219
339
228
164
68
87
259
92
176
379
348
17
225
214
321
159
