0.0 9.22337203818601e18
21.299266815185547 1.320724026e9
60.67332696914673 1.320724026e9
121.12251496315002 1.320724026e9
141.41048789024353 1.320724026e9
180.96323990821838 1.320724026e9
201.3457088470459 1.320724026e9
220.96559190750122 1.320724026e9
241.59715700149536 1.320724026e9
340.8800768852234 1.320724026e9
380.6755850315094 1.320724026e9
440.6641960144043 1.320724026e9
481.17319989204407 1.320682231e9
601.5587558746338 1.317204735e9
641.2551329135895 1.317204735e9
700.7665038108826 1.317204735e9
721.1094839572906 1.317204735e9
761.3403549194336 1.317204735e9
780.7831089496613 1.317204735e9
841.0381429195404 1.317204735e9
881.1408879756927 1.317204735e9
900.2436828613281 1.317204735e9
