0.0 0.04845268475
12.130354166030884 0.03011820475
32.22807502746582 0.0265812965
52.29778504371643 0.0265812965
72.16285514831543 0.024602322000000003
92.24792098999023 0.024602322000000003
112.15464901924133 0.024602322000000003
132.17310118675232 0.024602322000000003
152.20849895477295 0.024602322000000003
172.17182111740112 0.024602322000000003
192.14894008636475 0.024602322000000003
212.10988306999207 0.024602322000000003
232.1329960823059 0.024602322000000003
252.1140820980072 0.024602322000000003
272.20320296287537 0.024602322000000003
292.1201820373535 0.024602322000000003
312.24315118789673 0.024602322000000003
332.1962721347809 0.024602322000000003
352.16162610054016 0.024602322000000003
372.23259806632996 0.024602322000000003
392.13380098342896 0.024602322000000003
412.2231500148773 0.024602322000000003
432.22261595726013 0.024602322000000003
452.1071970462799 0.024602322000000003
472.1098210811615 0.024602322000000003
492.1098461151123 0.024602322000000003
512.247994184494 0.024602322000000003
532.1324059963226 0.0245905935
552.2363109588623 0.0245905935
572.2039821147919 0.0245905935
592.1211910247803 0.0245905935
612.2295501232147 0.0245905935
632.1599750518799 0.0245905935
652.165785074234 0.0245905935
672.1202330589294 0.023585273
692.178405046463 0.023585273
712.2359380722046 0.023585273
732.2028210163116 0.023585273
752.1246671676636 0.023585273
772.1624760627747 0.023585273
792.1249620914459 0.023585273
812.1109590530396 0.023585273
832.1040380001068 0.023585273
852.1919221878052 0.023585273
872.1719369888306 0.023585273
892.120658159256 0.023585273
900.0784151554108 0.023585273
