0.0 9.223372038190807e18
191.82404589653015 1.321033994e9
332.355535030365 1.321033994e9
371.77367186546326 1.320789521e9
412.3363208770752 1.320789521e9
452.04163098335266 1.320789521e9
511.8686029911041 1.320789521e9
552.2227489948273 1.320789521e9
631.520427942276 1.320517976e9
691.951073884964 1.320517976e9
711.6026320457458 1.320517976e9
771.7971270084381 1.320517976e9
852.4672689437866 1.320517976e9
871.9651250839233 1.320517976e9
892.2640459537506 1.320517976e9
900.1981060504913 1.320517976e9
