463
354
248
294
236
63
72
271
374
296
15
219
427
65
173
337
39
466
378
187
385
332
49
21
224
166
373
402
392
306
305
35
41
207
454
517
284
472
347
240
503
325
445
418
195
400
469
348
501
343
499
432
420
115
405
216
458
515
507
524
321
362
53
221
226
123
119
210
55
153
262
171
386
390
20
38
157
61
310
425
438
277
101
441
117
504
468
345
279
266
67
303
51
12
261
322
212
229
47
407
253
190
231
191
152
167
94
45
73
161
439
52
289
265
213
500
505
434
189
100
114
113
412
57
288
338
209
264
509
521
341
452
398
478
417
367
215
48
498
431
368
138
237
85
118
150
71
340
366
122
121
235
375
116
40
9
79
66
319
180
359
453
358
399
54
59
78
270
263
316
137
485
422
283
344
324
230
351
102
111
424
282
474
455
394
353
199
16
451
429
232
222
531
19
149
440
128
155
309
410
50
532
519
447
70
254
135
300
315
326
320
487
98
258
371
269
28
170
528
194
172
350
214
174
483
327
256
32
218
281
317
311
89
307
108
160
169
513
525
192
290
406
514
419
81
30
372
510
457
220
251
329
520
14
74
435
84
80
132
242
76
314
64
36
148
158
449
177
142
349
257
134
184
396
481
444
426
461
470
25
87
403
22
31
211
110
93
43
26
252
273
383
198
241
201
377
473
146
260
44
18
411
518
436
126
62
217
492
389
285
243
238
330
443
516
141
140
381
477
364
197
186
13
3
363
512
480
293
168
204
103
360
34
156
459
107
247
130
75
42
268
147
335
200
196
10
416
413
7
23
336
522
428
382
388
409
414
97
467
495
491
139
127
462
104
415
6
313
450
490
151
136
246
29
124
259
225
46
106
430
83
297
109
105
183
120
275
482
234
486
448
323
423
175
523
475
203
437
397
299
464
361
471
2
208
308
395
301
1
37
272
291
287
24
33
27
342
494
92
502
465
506
380
328
391
96
86
58
188
223
249
68
17
318
165
99
125
5
60
255
433
82
159
205
356
369
88
95
479
302
493
456
370
484
145
352
339
182
274
91
365
496
401
529
404
442
181
421
278
162
227
460
408
280
286
4
11
8
245
250
202
178
154
112
133
69
384
526
508
530
376
179
333
163
239
497
355
393
129
143
144
276
298
193
90
304
346
379
357
228
56
312
295
244
331
476
446
527
511
488
489
267
164
334
292
233
387
176
131
77
185
206
463
