0.0 1.572041e6
10.903696060180664 1.424348e6
30.90777897834778 1.376349e6
50.9022319316864 1.357975e6
70.90347599983215 1.343015e6
90.90348291397095 1.319748e6
110.9028480052948 1.316414e6
130.90559792518616 1.308189e6
150.90647387504578 1.294011e6
170.90200090408325 1.283257e6
190.90164995193481 1.26692e6
210.90390801429749 1.250605e6
230.90292501449585 1.241335e6
250.90547800064087 1.238404e6
270.9015779495239 1.227238e6
290.901575088501 1.225827e6
310.90233397483826 1.212561e6
330.90713000297546 1.193759e6
350.91270995140076 1.186567e6
370.90651392936707 1.184846e6
390.9037981033325 1.176572e6
410.90567088127136 1.157016e6
430.90703988075256 1.154452e6
450.9014050960541 1.154452e6
470.9098138809204 1.153526e6
490.9050118923187 1.1375e6
510.911248922348 1.131622e6
530.9059529304504 1.131196e6
550.9056549072266 1.131161e6
570.9074940681458 1.127718e6
590.9038059711456 1.127718e6
610.9090778827667 1.127718e6
630.9012019634247 1.122662e6
650.9160640239716 1.120742e6
670.9010200500488 1.120742e6
690.9050688743591 1.118941e6
710.9058558940887 1.116556e6
730.9047210216522 1.116556e6
750.9012839794159 1.116556e6
770.9046518802643 1.109066e6
790.9021918773651 1.105958e6
810.9066240787506 1.099782e6
830.9068748950958 1.097882e6
850.9063239097595 1.097882e6
870.9048709869385 1.096088e6
890.9015100002289 1.093391e6
900.0023920536041 1.091073e6
