0.0 1.332606603e9
4.591862201690674 1.324585345e9
24.458410024642944 1.324585345e9
44.37020301818848 1.324585345e9
64.58560299873352 1.323531173e9
85.02615308761597 1.323531173e9
144.28484511375427 1.321588278e9
165.24465608596802 1.321475259e9
184.6005630493164 1.321475259e9
204.3680031299591 1.317410178e9
225.05889105796814 1.317410178e9
284.7387411594391 1.317410178e9
324.4828791618347 1.317410178e9
344.5166540145874 1.317410178e9
364.5172300338745 1.317410178e9
425.1256580352783 1.317410178e9
444.5283272266388 1.317410178e9
464.30534505844116 1.317410178e9
504.71870708465576 1.317410178e9
524.8957750797272 1.317410178e9
545.1272151470184 1.317410178e9
584.2863771915436 1.317410178e9
624.4691450595856 1.317410178e9
645.0780501365662 1.317410178e9
665.0491201877594 1.317410178e9
704.3846590518951 1.317410178e9
724.3186612129211 1.317410178e9
744.4122881889343 1.317410178e9
764.8375020027161 1.317410178e9
784.9928522109985 1.317410178e9
804.8495831489563 1.317410178e9
824.8606572151184 1.317410178e9
844.735563993454 1.317410178e9
864.8110492229462 1.317410178e9
885.2077350616455 1.317410178e9
899.7019150257111 1.31596063e9
