0.0 1.542821e6
2.2741990089416504 1.542821e6
22.267307996749878 1.542821e6
42.26547288894653 1.542821e6
62.264370918273926 1.542821e6
82.25760293006897 1.542821e6
102.25527501106262 1.542821e6
122.25524997711182 1.542821e6
142.2702088356018 1.542821e6
162.25461196899414 1.542821e6
182.25658583641052 1.542821e6
202.26206493377686 1.542821e6
222.2631540298462 1.542821e6
242.26484894752502 1.542821e6
262.2587230205536 1.542821e6
282.2545208930969 1.542821e6
302.274955034256 1.542821e6
322.26479983329773 1.542821e6
342.2614448070526 1.542821e6
362.25453186035156 1.542821e6
382.26353883743286 1.542821e6
402.25599098205566 1.542821e6
422.2536849975586 1.542821e6
442.26661801338196 1.542821e6
462.2585139274597 1.542821e6
482.266028881073 1.542821e6
502.27128195762634 1.542821e6
522.2636330127716 1.542821e6
542.263377904892 1.542821e6
562.2654190063477 1.542821e6
582.2659318447113 1.542821e6
602.2675290107727 1.542821e6
622.2594230175018 1.542821e6
642.2679598331451 1.542821e6
662.2565858364105 1.542821e6
682.2655968666077 1.542821e6
702.2662990093231 1.542821e6
722.2563028335571 1.542821e6
742.2559540271759 1.542821e6
762.2573239803314 1.542821e6
782.2701849937439 1.542821e6
802.2647728919983 1.542821e6
822.270437002182 1.542821e6
842.2597010135651 1.542821e6
862.2584688663483 1.542821e6
882.2716119289398 1.542821e6
900.0110528469086 1.542821e6
