209
400
388
342
65
235
530
276
218
301
140
263
443
403
121
198
48
303
61
283
115
346
448
158
288
124
111
55
377
493
368
207
127
181
47
413
432
200
390
500
285
242
220
188
245
261
70
93
393
3
172
318
502
514
241
373
383
274
374
484
486
225
89
308
360
435
337
468
354
53
271
170
392
204
313
459
431
438
196
497
479
246
509
236
444
164
67
464
266
163
76
395
515
133
229
322
362
297
120
123
146
469
118
356
98
490
110
68
517
205
159
145
332
116
437
243
155
466
63
355
309
153
470
331
169
6
114
216
462
488
222
311
350
173
453
487
270
14
475
499
286
512
412
296
503
349
73
375
154
20
71
280
334
80
234
460
166
50
83
26
35
480
64
319
79
186
27
85
357
197
60
134
461
201
176
239
248
23
233
385
304
184
290
210
214
251
138
211
259
107
195
81
295
341
292
100
175
366
40
82
379
13
91
192
455
293
298
440
472
78
358
119
404
415
113
10
325
328
88
104
420
45
264
394
339
367
109
177
224
237
131
428
126
56
2
519
396
423
492
74
18
433
494
179
417
376
429
167
15
102
343
427
278
57
39
454
299
269
268
108
174
481
422
289
277
232
365
244
401
458
105
306
380
445
152
125
94
122
189
137
506
129
302
92
41
476
267
436
33
441
411
353
275
30
238
336
312
49
471
24
54
128
317
507
452
36
532
187
185
97
162
397
255
434
352
314
240
262
384
372
256
257
226
333
491
450
230
132
439
527
258
66
143
250
69
265
291
485
141
329
483
510
351
381
249
391
414
465
168
508
430
511
398
324
410
32
180
59
513
282
426
364
408
518
51
84
17
43
7
8
254
31
348
321
424
495
42
521
144
496
247
231
457
212
219
316
320
361
178
529
520
307
156
202
101
482
194
501
402
193
77
338
52
305
217
447
58
147
208
315
326
287
363
505
87
148
5
25
72
9
253
90
182
29
474
467
11
335
425
416
86
504
117
323
136
279
75
407
228
95
157
473
221
150
330
1
281
378
442
478
498
359
130
227
37
19
340
456
183
405
477
215
139
382
526
99
135
223
327
62
272
531
516
294
149
190
4
44
344
260
151
419
46
418
463
34
16
489
199
96
28
213
106
371
409
38
449
347
22
273
206
300
160
112
284
370
310
451
191
421
406
446
103
345
522
525
142
161
171
386
369
387
524
165
528
12
252
523
21
203
399
389
209
