0.302828 147587.0
0.330485 141400.0
0.524083 139279.0
0.659777 133986.0
0.787099 133563.0
1.732314 131428.0
1.870497 121846.0
1.957457 116875.0
3.444275 116270.0
4.856015 113975.0
5.255497 112351.0
6.083375 110174.0
34.888509 106659.0
36.17294 105691.0
49.809326 105561.0
73.313499 103514.0
77.33481 103365.0
116.790504 103300.0
118.621062 102784.0
123.784257 100878.0
125.207718 100866.0
127.922022 96684.0
193.353774 94260.0
249.385003 94188.0
364.242852 92953.0
399.637469 92922.0
427.982135 92172.0
565.082353 90892.0
