0.0 160537.0
3.856955051422119 100976.0
23.856827974319458 74344.0
43.85509991645813 64020.0
63.856136083602905 60837.0
83.85316491127014 60018.0
103.8564350605011 58699.0
123.85475087165833 57859.0
143.85354804992676 56410.0
163.85772109031677 55528.0
183.85421991348267 54069.0
203.854248046875 52811.0
223.8538680076599 52287.0
243.85396599769592 50232.0
263.85483407974243 49288.0
283.853040933609 49284.0
303.85286808013916 49284.0
323.85545897483826 48763.0
343.85521507263184 48519.0
363.85704493522644 48519.0
383.85680103302 48344.0
403.8529770374298 48344.0
423.85347294807434 48344.0
443.85699486732483 48344.0
463.8566188812256 48320.0
483.855810880661 47811.0
503.8537600040436 47421.0
523.8543140888214 46207.0
543.8561000823975 46207.0
563.8550760746002 46207.0
583.8552939891815 45188.0
600.0004320144653 45188.0
