0.290843 160753.0
0.340131 158318.0
0.363373 146414.0
0.426935 146335.0
0.478734 142534.0
0.571721 140812.0
0.628938 138660.0
0.991147 133215.0
1.70068 129754.0
5.844057 116720.0
7.312498 116254.0
7.482037 112246.0
8.368799 107581.0
8.480282 105674.0
10.676016 105102.0
11.140219 104522.0
21.712725 104041.0
22.435505 102831.0
27.859431 102604.0
29.133127 101395.0
50.15581 100595.0
71.963269 98047.0
122.863824 96839.0
142.88417 95609.0
145.391801 95389.0
223.798909 95368.0
244.915198 92463.0
247.536642 91077.0
247.946293 89424.0
327.349441 87951.0
485.308419 87788.0
558.864831 85640.0
565.76916 85621.0
