0.0 0.030111718
16.52830219268799 0.025668632249999997
36.519304037094116 0.025668632249999997
56.51825714111328 0.025668632249999997
76.51990008354187 0.025668632249999997
96.51506900787354 0.025549455999999998
116.51543498039246 0.025549455999999998
136.52506804466248 0.025549455999999998
156.5154721736908 0.025549455999999998
176.50912499427795 0.025549455999999998
196.52692699432373 0.025549455999999998
216.50922918319702 0.025549455999999998
236.50987815856934 0.025549455999999998
256.5128300189972 0.025549455999999998
276.5096011161804 0.025549455999999998
296.5313370227814 0.025549455999999998
316.5171501636505 0.025549455999999998
336.5203711986542 0.025549455999999998
356.52053904533386 0.025549455999999998
376.5231599807739 0.025549455999999998
396.5255410671234 0.025549455999999998
416.5150411128998 0.025549455999999998
436.5396420955658 0.025549455999999998
456.51693415641785 0.025549455999999998
476.5139729976654 0.025549455999999998
496.51581501960754 0.025549455999999998
516.5175302028656 0.025549455999999998
536.5138041973114 0.025549455999999998
556.5056211948395 0.025549455999999998
576.5117239952087 0.025549455999999998
596.512778043747 0.025549455999999998
616.5363600254059 0.02445107725
636.5067701339722 0.02445107725
656.5079991817474 0.02445107725
676.5072140693665 0.02445107725
696.5197601318359 0.02445107725
716.5166611671448 0.02445107725
736.5290901660919 0.02445107725
756.5292639732361 0.02445107725
776.5124700069427 0.02445107725
796.5149641036987 0.02445107725
816.5087840557098 0.02445107725
836.5282270908356 0.02445107725
856.5090780258179 0.02445107725
876.5249590873718 0.02445107725
896.5104169845581 0.02445107725
900.0128781795502 0.02445107725
