0.0 0.042637498749999996
12.91156005859375 0.0321398665
32.905587911605835 0.030204850249999998
52.91712498664856 0.030204850249999998
72.88534712791443 0.0274823075
92.88991594314575 0.0274823075
112.89271593093872 0.0274823075
132.89058208465576 0.0274823075
152.89353013038635 0.0274823075
172.88785409927368 0.0274823075
192.89454698562622 0.0262797695
212.91373991966248 0.02627347725
232.9038429260254 0.02573655325
252.91013193130493 0.02573655325
272.8853931427002 0.02573655325
292.89167308807373 0.02573655325
312.8841140270233 0.02573655325
332.9020850658417 0.02573655325
352.91386795043945 0.02573655325
372.89333391189575 0.02573655325
392.8847539424896 0.02573655325
412.8934020996094 0.02573655325
432.8933379650116 0.02573655325
452.8945701122284 0.02573655325
472.8919279575348 0.02573655325
492.8890850543976 0.02573655325
512.8923051357269 0.02573655325
532.8861019611359 0.02573655325
552.9058120250702 0.02573655325
572.8853559494019 0.02573655325
592.8903050422668 0.02573655325
612.8922579288483 0.02573655325
632.8911759853363 0.02573655325
652.8955769538879 0.02573655325
672.911484003067 0.02573655325
692.8997540473938 0.02573655325
712.8848919868469 0.02573655325
732.8914721012115 0.02573655325
752.903911113739 0.02573655325
772.8838419914246 0.02573655325
792.8882329463959 0.02573655325
812.8995139598846 0.02573655325
832.9013049602509 0.02573655325
852.903792142868 0.02573655325
872.8989329338074 0.02573655325
892.9042799472809 0.02573655325
899.9998440742493 0.024838703000000004
