0.0 1.618611e6
5.766924858093262 1.414046e6
25.767009973526 1.314413e6
45.76720094680786 1.289436e6
65.76778483390808 1.279329e6
85.76728796958923 1.271194e6
105.76911687850952 1.239425e6
125.76797890663147 1.22011e6
145.7680139541626 1.204938e6
165.76690697669983 1.197004e6
185.76844787597656 1.173717e6
205.76830387115479 1.172329e6
225.76864290237427 1.169612e6
245.7670259475708 1.168934e6
265.77891182899475 1.153788e6
285.7778539657593 1.146107e6
305.76814889907837 1.145102e6
325.7683789730072 1.139325e6
345.76843881607056 1.134853e6
365.7671308517456 1.131279e6
385.7671308517456 1.126686e6
405.7672870159149 1.122922e6
425.7670660018921 1.112732e6
445.76688289642334 1.106975e6
465.76785588264465 1.102289e6
485.7746558189392 1.099845e6
505.7667667865753 1.093325e6
525.7675199508667 1.088624e6
545.7757878303528 1.085645e6
565.768002986908 1.081483e6
585.7676739692688 1.079857e6
605.7669148445129 1.069396e6
625.7679138183594 1.068419e6
645.7680068016052 1.066127e6
665.7671349048615 1.061093e6
685.7668278217316 1.056085e6
705.7669258117676 1.047198e6
725.7674918174744 1.042606e6
745.7670149803162 1.041182e6
765.7678020000458 1.041182e6
785.767758846283 1.040287e6
805.7671868801117 1.032906e6
825.7688488960266 1.03185e6
845.7670638561249 1.02823e6
865.7683849334717 1.026584e6
885.7683339118958 1.01626e6
900.0010418891907 1.01416e6
