0.0 1.329754989e9
47.87495493888855 1.320716347e9
88.13599491119385 1.320716347e9
107.65038895606995 1.320716347e9
148.03034710884094 1.320459052e9
188.03277802467346 1.320459052e9
207.4298689365387 1.320459052e9
227.2891240119934 1.318493392e9
248.04859399795532 1.318493392e9
267.67291712760925 1.318493392e9
307.7867181301117 1.318493392e9
327.26777505874634 1.318223291e9
347.45385813713074 1.318223291e9
367.6047761440277 1.318223291e9
387.73672795295715 1.318223291e9
407.4865040779114 1.318223291e9
487.6623239517212 1.316609996e9
508.1673150062561 1.316609996e9
547.8725769519806 1.316405492e9
567.409276008606 1.316405492e9
587.663980960846 1.316405492e9
607.6627950668335 1.314577926e9
668.2035911083221 1.312485974e9
688.1734869480133 1.312485974e9
727.608008146286 1.312485974e9
747.2732179164886 1.312485974e9
808.1917650699615 1.312485974e9
827.8664839267731 1.312485974e9
867.3966529369354 1.312485974e9
887.855770111084 1.312485974e9
898.8364861011505 1.312485974e9
