97
162
127
43
272
528
124
394
309
221
266
136
50
177
430
260
76
340
259
174
30
470
138
475
393
428
420
73
210
133
460
352
344
24
407
483
308
446
39
217
257
293
75
281
346
478
170
178
164
143
448
204
277
176
105
313
248
441
361
468
4
125
209
332
239
45
225
320
438
196
56
362
129
104
314
350
139
54
295
297
242
108
443
422
531
434
474
126
11
305
487
66
211
445
245
341
435
530
370
232
60
191
339
81
183
5
453
10
184
318
294
8
419
198
371
193
509
113
14
90
46
223
292
142
383
479
117
285
28
25
31
267
163
338
156
410
12
286
179
304
498
411
16
68
387
321
381
456
273
316
515
357
59
403
21
376
360
216
147
418
95
141
118
477
151
235
26
99
367
6
459
157
109
279
255
289
283
312
518
503
442
493
23
200
406
500
386
173
391
303
432
134
87
72
427
395
317
63
131
161
93
333
343
180
218
311
324
123
208
57
84
270
195
187
188
301
439
226
444
114
182
364
140
189
152
426
213
41
206
378
269
465
148
247
466
116
224
145
91
389
488
230
37
502
107
280
404
458
82
92
455
356
165
258
377
388
461
416
17
398
385
351
508
310
520
348
35
307
359
199
74
202
185
354
497
429
355
369
132
366
51
201
52
413
137
490
510
368
53
315
522
526
409
27
214
18
440
501
194
32
345
521
485
523
302
38
89
347
472
353
325
85
55
71
62
119
240
449
482
412
263
496
529
425
135
227
421
323
392
494
222
120
489
513
100
231
94
153
399
380
467
44
20
288
251
327
462
101
83
158
70
291
250
234
219
452
212
469
463
328
484
220
525
372
9
144
331
278
335
276
417
112
78
48
275
450
7
268
326
229
254
481
40
299
516
98
149
171
337
61
349
423
524
253
262
192
190
49
397
454
88
433
507
252
375
160
319
197
128
69
504
290
464
103
365
527
115
64
261
102
492
306
166
300
146
415
358
414
246
379
405
382
322
334
167
205
154
110
77
491
512
215
402
471
264
155
19
47
121
486
511
79
238
499
236
65
424
96
169
363
401
159
168
233
271
342
476
1
390
2
400
519
495
29
330
175
473
274
42
329
408
457
34
431
207
111
241
186
86
33
203
130
396
480
517
514
265
172
181
506
80
249
505
436
228
532
447
287
58
384
243
373
282
150
336
22
3
67
437
13
374
284
106
15
36
451
244
122
256
296
237
298
97
