0.0 1.645699e6
2.1835179328918457 1.502602e6
22.18727397918701 1.502602e6
42.18748092651367 1.502602e6
62.17889094352722 1.502602e6
82.17554593086243 1.502602e6
102.18893599510193 1.502602e6
122.1868109703064 1.502602e6
142.17659497261047 1.502602e6
162.17624497413635 1.502602e6
182.19291591644287 1.502602e6
202.18599200248718 1.502602e6
222.1750738620758 1.502602e6
242.18243789672852 1.502602e6
262.1810829639435 1.502602e6
282.1826899051666 1.502602e6
302.1854588985443 1.502602e6
322.1799359321594 1.502602e6
342.1827960014343 1.502602e6
362.1724760532379 1.502602e6
382.1941509246826 1.502602e6
402.18879199028015 1.502602e6
422.17711091041565 1.502602e6
442.1921820640564 1.502602e6
462.18337202072144 1.502602e6
482.1780400276184 1.502602e6
502.1877808570862 1.502602e6
522.1804978847504 1.502602e6
542.1889798641205 1.502602e6
562.1929550170898 1.502602e6
582.1906368732452 1.502602e6
602.1757700443268 1.502602e6
622.1900990009308 1.502602e6
642.1905210018158 1.502602e6
662.1803560256958 1.502602e6
682.1859860420227 1.502602e6
702.1896600723267 1.502602e6
722.1898040771484 1.502602e6
742.1821510791779 1.502602e6
762.1908829212189 1.502602e6
782.172091960907 1.502602e6
802.1740338802338 1.502602e6
822.1827139854431 1.502602e6
842.1801090240479 1.502602e6
862.1866300106049 1.502602e6
882.1774580478668 1.502602e6
900.0139439105988 1.502602e6
