0.0 1.60191e6
11.934412002563477 1.566661e6
31.934409141540527 1.550057e6
51.93440508842468 1.513926e6
71.93440818786621 1.506114e6
91.93441009521484 1.506114e6
111.93440818786621 1.4828e6
131.9344081878662 1.4828e6
151.93441104888916 1.4828e6
171.934406042099 1.4828e6
191.9344081878662 1.4828e6
211.93441009521484 1.4828e6
231.93441104888916 1.474418e6
251.93441104888916 1.474418e6
271.93441009521484 1.474418e6
291.934406042099 1.474418e6
311.93441009521484 1.474418e6
331.93441009521484 1.474418e6
351.9344091415405 1.474418e6
371.93441104888916 1.474418e6
391.9344069957733 1.474418e6
411.93441009521484 1.474418e6
431.9344091415405 1.474418e6
451.9344050884247 1.474418e6
471.9344050884247 1.474418e6
491.9357261657715 1.474418e6
511.93441009521484 1.474418e6
531.9344091415405 1.474418e6
551.9344091415405 1.474418e6
571.9344069957733 1.474418e6
591.934406042099 1.474418e6
611.934406042099 1.474418e6
631.9344110488892 1.474418e6
651.9344091415405 1.474418e6
671.9344050884247 1.474418e6
691.9344100952148 1.474418e6
711.9357941150665 1.474418e6
731.9344100952148 1.474418e6
751.9344110488892 1.474418e6
771.9344110488892 1.474418e6
791.9344091415405 1.474418e6
811.934406042099 1.474418e6
831.9344069957733 1.474418e6
851.9344110488892 1.474418e6
871.9344110488892 1.474418e6
891.9344110488892 1.474418e6
899.9760961532593 1.474418e6
