94
353
214
503
264
453
62
84
100
143
470
242
368
200
209
205
253
514
296
461
373
101
282
147
182
270
144
532
208
69
207
277
478
301
377
340
362
32
298
53
171
197
57
7
28
18
52
457
464
318
344
66
388
285
120
25
445
460
224
401
95
455
462
356
528
322
108
65
323
195
196
338
281
420
505
360
508
234
183
358
343
384
193
259
188
56
366
247
426
129
137
15
269
380
284
77
430
415
411
272
227
519
14
105
33
68
133
485
336
467
476
276
354
402
512
326
392
365
162
400
75
122
337
288
187
515
17
21
3
441
418
142
386
437
364
447
397
29
149
37
27
237
471
244
186
472
475
239
185
287
43
434
520
294
180
140
315
346
235
274
243
176
295
268
8
486
529
126
175
249
425
448
382
530
504
332
399
396
260
492
480
58
184
250
289
131
83
314
328
118
352
432
146
206
172
81
286
49
308
130
38
403
299
477
42
324
349
257
493
442
30
526
465
361
320
414
148
153
319
502
342
246
98
474
174
163
168
70
524
394
376
491
16
427
119
222
228
59
291
468
381
339
121
125
463
279
141
106
124
241
212
417
429
431
87
271
479
192
4
347
359
134
443
506
501
327
40
433
74
73
325
67
473
34
10
424
51
79
497
201
312
513
194
45
26
166
507
489
64
226
154
275
413
370
375
236
307
72
251
50
248
444
317
213
61
104
82
111
511
263
408
405
371
41
451
469
164
167
410
306
9
509
390
161
78
138
19
181
330
54
372
266
44
229
102
283
452
117
217
454
309
466
482
321
329
238
152
256
169
113
383
440
225
173
96
215
123
230
160
150
348
367
419
335
345
198
280
267
13
395
404
494
179
333
423
428
499
313
363
310
89
110
517
220
252
300
523
500
456
71
155
204
6
156
498
406
139
218
99
351
232
112
210
116
305
245
341
527
393
357
103
369
216
24
22
107
202
60
86
391
211
114
35
115
55
488
484
92
387
151
36
219
407
231
157
374
297
1
436
487
165
145
531
47
255
127
5
522
421
378
409
350
128
495
331
265
481
449
422
379
80
189
23
233
439
91
97
416
304
459
334
20
199
109
496
203
159
525
190
48
521
261
135
273
412
170
278
76
302
516
2
39
435
389
490
262
223
178
12
93
290
446
303
254
88
398
355
31
63
518
293
221
191
316
311
11
90
240
438
258
46
385
483
85
292
158
510
132
136
177
450
458
94
