0.0 1.627965e6
2.338469982147217 1.515498e6
22.337013959884644 1.515498e6
42.34453582763672 1.515498e6
62.35456585884094 1.515498e6
82.34212398529053 1.515498e6
102.33351683616638 1.515498e6
122.34156680107117 1.515498e6
142.35434579849243 1.515498e6
162.33474779129028 1.515498e6
182.34692287445068 1.515498e6
202.33879899978638 1.515498e6
222.34494185447693 1.515498e6
242.34080600738525 1.515498e6
262.3536739349365 1.515498e6
282.3493309020996 1.515498e6
302.3380320072174 1.515498e6
322.3371708393097 1.515498e6
342.35273599624634 1.515498e6
362.34478092193604 1.515498e6
382.3342089653015 1.515498e6
402.3358919620514 1.515498e6
422.3362708091736 1.515498e6
442.3424108028412 1.515498e6
462.33761286735535 1.515498e6
482.34809589385986 1.515498e6
502.35658383369446 1.515498e6
522.3354377746582 1.515498e6
542.3464379310608 1.515498e6
562.3492949008942 1.515498e6
582.3416538238525 1.515498e6
602.3418729305267 1.515498e6
622.3576848506927 1.515498e6
642.3435158729553 1.515498e6
662.342798948288 1.515498e6
682.333165884018 1.515498e6
702.3374338150024 1.515498e6
722.3361089229584 1.515498e6
742.3376748561859 1.515498e6
762.3538048267365 1.515498e6
782.3505129814148 1.515498e6
802.352579832077 1.515498e6
822.3494849205017 1.515498e6
842.3533449172974 1.515498e6
862.3577749729156 1.515498e6
882.3412098884583 1.515498e6
900.0051789283752 1.515498e6
