0.0 1.578251e6
16.09018301963806 1.425749e6
36.083873987197876 1.392773e6
56.0841109752655 1.373099e6
76.08871603012085 1.329004e6
96.08489513397217 1.313565e6
116.08717608451843 1.301653e6
136.08629417419434 1.294448e6
156.08549213409424 1.288875e6
176.09263610839844 1.287645e6
196.0990071296692 1.285873e6
216.09241008758545 1.279585e6
236.0893681049347 1.27156e6
256.08614706993103 1.264152e6
276.0939619541168 1.253708e6
296.08575916290283 1.247213e6
316.0862400531769 1.234401e6
336.0944781303406 1.22912e6
356.0911250114441 1.228414e6
376.08745312690735 1.222408e6
396.0891320705414 1.217238e6
416.0845170021057 1.213512e6
436.0905339717865 1.211495e6
456.1114799976349 1.202894e6
476.08711194992065 1.200914e6
496.0876431465149 1.18243e6
516.0917041301727 1.16584e6
536.0960609912872 1.158704e6
556.0870640277863 1.156866e6
576.1056230068207 1.148193e6
596.0925140380859 1.142763e6
599.9993181228638 1.139102e6
