0.0 147288.0
12.137304067611694 95123.0
32.13600301742554 78418.0
52.136773109436035 70552.0
72.13730311393738 64085.0
92.13643407821655 62819.0
112.13682794570923 60716.0
132.13653993606567 60268.0
152.13702201843262 60241.0
172.13541102409363 58258.0
192.13591504096985 58028.0
212.13985896110535 56905.0
232.13467407226562 55952.0
252.13877511024475 55479.0
272.1346549987793 54268.0
292.1375651359558 53856.0
312.1367120742798 53856.0
332.137412071228 53472.0
352.136577129364 51986.0
372.1359360218048 51986.0
392.1368410587311 51746.0
412.13614296913147 51746.0
432.13464999198914 51746.0
452.13689613342285 51205.0
472.1346740722656 50721.0
492.1373100280762 50462.0
512.1369080543518 49488.0
532.1386411190033 49488.0
552.137510061264 49488.0
572.1350290775299 49488.0
592.1369259357452 49488.0
612.1354930400848 49488.0
632.1380569934845 49333.0
652.1360170841217 48353.0
672.135890007019 48353.0
692.1397480964661 48353.0
712.1388189792633 48353.0
732.1381649971008 48353.0
752.1376569271088 48353.0
772.1371629238129 48353.0
792.1413860321045 48353.0
812.137748003006 48353.0
832.1431629657745 48318.0
852.4253969192505 48318.0
872.1399581432343 48318.0
892.4750759601593 48318.0
912.1353230476379 47992.0
932.1366291046143 47992.0
952.1366419792175 47992.0
972.1365461349487 47992.0
992.1378440856934 47967.0
1012.1390290260315 47795.0
1032.1377561092377 47795.0
1052.141252040863 47795.0
1072.13844704628 47795.0
1092.1354999542236 47795.0
1112.1348659992218 47648.0
1132.1414289474487 47648.0
1152.140116930008 47648.0
1172.1404190063477 47648.0
1192.608689069748 47648.0
1212.1784360408783 47648.0
1232.135745048523 47344.0
1252.1352090835571 47138.0
1272.1391580104828 47138.0
1292.1357071399689 46815.0
1312.1409599781036 46815.0
1332.1392741203308 46815.0
1352.1408381462097 46815.0
1372.1368999481201 46815.0
1392.1390421390533 46815.0
1412.3293769359589 46803.0
1432.1366651058197 46803.0
1452.1379680633545 46803.0
1472.9040830135345 46803.0
1492.1352770328522 46803.0
1513.1036250591278 46803.0
1532.1384110450745 46803.0
1552.134842157364 46803.0
1572.1383080482483 46803.0
1592.1347999572754 46803.0
1612.1362590789795 46803.0
1632.1634731292725 46803.0
1652.803395986557 46803.0
1672.1394410133362 46803.0
1692.136836051941 46803.0
1712.9140739440918 46803.0
1732.1346521377563 46774.0
1772.277794122696 46774.0
1792.1398210525513 46774.0
1800.0057170391083 46774.0
