0.136024 1608220.0
0.14816 1591561.0
0.250232 1566578.0
0.314596 1556196.0
0.44901 1542270.0
1.464935 1527803.0
2.958571 1527441.0
3.559423 1524640.0
4.108321 1510031.0
4.974644 1506457.0
5.221279 1504682.0
5.559867 1499515.0
5.807942 1472260.0
6.043437 1464305.0
17.05089 1457494.0
65.304067 1457351.0
75.615341 1451659.0
132.281427 1451349.0
143.537391 1446902.0
143.688486 1443348.0
145.650773 1439076.0
159.060711 1437725.0
162.120633 1431306.0
163.698998 1426113.0
164.517092 1419436.0
181.263769 1413097.0
188.658995 1403070.0
194.736586 1399792.0
195.560718 1394242.0
196.098902 1393170.0
373.296616 1386290.0
414.616063 1383932.0
416.38529 1380929.0
482.804997 1375776.0
498.321589 1360909.0
498.857459 1343133.0
569.626404 1338634.0
871.863655 1318782.0
