409
389
279
444
301
71
176
160
181
171
452
527
519
268
358
283
16
273
299
429
340
460
59
55
325
93
282
228
469
247
166
463
199
365
12
231
286
433
88
326
383
338
195
257
509
492
251
398
380
324
85
145
1
3
183
513
355
334
122
296
382
237
304
225
203
508
342
112
208
68
179
323
206
108
309
217
489
289
263
496
42
467
238
227
345
212
346
17
13
344
332
483
265
172
139
486
278
353
341
36
468
266
347
524
147
62
290
63
74
447
420
126
233
18
155
402
434
200
170
316
185
259
142
8
75
466
375
7
56
399
89
109
9
32
64
27
387
419
485
476
480
422
339
187
269
262
267
196
169
400
221
370
384
472
284
52
239
441
317
361
2
58
161
252
34
408
388
504
457
157
410
372
159
104
37
78
525
337
148
313
330
487
396
182
28
184
70
373
113
404
494
125
22
92
180
54
376
81
15
25
153
442
211
439
99
295
517
510
363
488
249
298
423
292
224
43
435
133
385
245
102
201
356
264
95
103
48
413
415
305
47
5
484
244
335
137
230
333
511
115
151
156
175
440
232
437
411
163
281
329
65
204
451
475
505
531
90
53
450
431
20
72
24
10
188
241
193
100
291
477
464
416
229
117
490
253
271
84
174
226
414
391
459
167
306
110
256
307
91
456
474
106
209
260
66
19
280
45
158
371
41
73
350
51
31
134
168
121
223
214
448
177
369
250
395
482
162
173
462
425
287
481
407
243
131
521
516
522
499
465
80
146
14
138
218
83
302
479
500
470
449
198
207
321
67
197
129
248
44
303
428
518
141
421
57
140
215
528
360
530
189
236
254
76
430
261
293
116
401
412
424
461
397
4
318
220
349
23
246
152
491
96
127
446
101
495
458
507
471
498
532
327
322
453
311
114
97
359
94
258
285
274
79
366
210
351
436
478
426
194
40
119
190
50
240
164
6
328
288
69
443
390
506
497
403
493
149
310
60
364
529
222
314
515
277
362
392
501
186
520
354
386
98
320
30
454
348
276
35
29
143
418
61
272
21
216
374
144
39
77
213
308
393
49
445
130
432
502
87
11
352
368
343
150
111
124
135
526
514
331
523
315
312
379
33
242
367
275
38
234
107
319
357
118
503
192
378
336
26
417
381
136
202
235
438
46
473
154
377
300
86
427
297
178
270
82
394
455
132
294
123
512
165
406
219
205
120
191
255
405
128
105
409
