525
76
27
382
262
435
272
297
209
122
14
243
61
69
56
346
237
419
194
74
42
35
192
337
302
512
524
472
285
367
207
180
50
64
26
54
293
195
92
132
130
370
268
22
280
355
258
321
167
295
87
265
366
159
428
128
184
357
281
162
467
493
95
62
356
396
290
406
523
256
441
126
362
410
267
158
416
440
345
528
505
458
205
176
15
254
457
529
393
364
319
117
314
222
482
196
448
425
502
115
94
470
395
510
398
461
436
400
161
1
429
459
500
405
413
438
437
114
16
133
86
70
63
48
83
226
387
112
120
335
84
118
144
322
445
306
313
379
202
34
264
390
422
372
532
483
353
107
229
236
315
284
299
270
305
31
408
19
466
454
310
402
233
407
105
450
443
465
485
336
211
65
59
170
190
198
486
499
479
241
13
51
296
304
376
168
178
433
455
121
96
37
312
77
522
515
449
490
52
163
111
469
444
187
223
145
424
323
417
294
494
496
504
492
165
334
218
397
216
480
363
513
386
527
171
354
188
166
3
447
100
43
189
329
514
432
511
412
414
213
224
519
251
175
164
259
344
150
72
478
350
351
276
343
82
109
317
509
381
242
261
277
411
474
375
71
7
67
331
239
377
476
352
25
57
179
33
21
193
506
488
139
260
283
8
463
232
90
143
47
230
348
349
81
286
383
487
55
36
252
104
517
530
404
501
477
460
253
418
333
17
157
199
384
498
309
66
5
415
430
338
9
186
475
503
497
129
2
137
318
255
434
247
78
125
44
140
263
39
250
301
173
359
516
244
88
131
134
174
269
97
169
113
368
342
156
287
409
246
462
361
508
442
273
154
394
11
124
380
453
257
136
279
339
79
93
149
138
427
185
271
298
308
228
320
20
49
38
327
85
12
423
119
468
32
146
227
73
328
307
526
152
80
206
99
197
325
153
183
106
135
291
289
374
200
177
489
282
388
288
210
10
108
303
292
225
208
45
155
40
219
60
68
245
358
141
148
6
300
30
275
214
231
399
172
365
101
46
29
215
127
369
278
520
392
389
473
420
23
24
4
18
28
385
204
220
201
53
151
518
240
181
103
116
340
421
378
89
373
484
360
212
91
221
234
521
341
452
439
426
160
98
266
123
75
248
235
347
58
110
274
238
311
495
507
464
471
401
491
330
446
451
391
403
456
326
531
203
324
142
217
316
332
431
481
41
191
102
249
182
147
371
