0.0 24.6968339975
2.3307230472564697 11.978688425249999
22.331439971923828 11.978688425249999
42.336410999298096 11.978688425249999
62.33997988700867 11.978688425249999
82.3350088596344 11.978688425249999
102.33535695075989 11.978688425249999
122.33098697662354 11.978688425249999
142.3301968574524 11.978688425249999
162.33092284202576 11.978688425249999
182.32992100715637 11.978688425249999
202.33162999153137 11.978688425249999
222.3466489315033 11.978688425249999
242.34638690948486 11.978688425249999
262.34453105926514 11.978688425249999
282.33465099334717 11.978688425249999
302.3308379650116 11.978688425249999
322.3517098426819 11.978688425249999
342.33135986328125 11.978688425249999
362.33308386802673 11.978688425249999
382.3407850265503 11.978688425249999
402.34069895744324 11.978688425249999
422.34500193595886 11.978688425249999
442.33102202415466 11.978688425249999
462.33022594451904 11.978688425249999
482.33446884155273 11.978688425249999
502.3314130306244 11.978688425249999
522.3337218761444 11.978688425249999
542.3393740653992 11.978688425249999
562.344703912735 11.978688425249999
582.3301980495453 11.978688425249999
602.3394620418549 11.978688425249999
622.3312089443207 11.978688425249999
642.347892999649 11.978688425249999
662.3316278457642 11.978688425249999
682.3315439224243 11.978688425249999
702.3327839374542 11.978688425249999
722.3303279876709 11.978688425249999
742.335028886795 11.978688425249999
762.3315799236298 11.978688425249999
782.3316628932953 11.978688425249999
802.3316938877106 11.978688425249999
822.3317880630493 11.978688425249999
842.3320698738098 11.978688425249999
862.3306519985199 11.978688425249999
882.3304128646851 11.978688425249999
900.0005300045013 11.978688425249999
