0.0 136048.0
4.2021379470825195 92066.0
24.20065999031067 73865.0
44.200238943099976 68387.0
64.20355892181396 65136.0
84.20037412643433 60398.0
104.20063495635986 59778.0
124.19836902618408 57154.0
144.2005250453949 56763.0
164.19972610473633 55858.0
184.2001919746399 54441.0
204.20017910003662 53005.0
224.2001440525055 50239.0
244.198734998703 47539.0
264.2007210254669 46959.0
284.19921493530273 45918.0
304.1991591453552 45878.0
324.20097398757935 45878.0
344.20221495628357 44623.0
364.1997971534729 43901.0
384.1988160610199 43433.0
404.20026302337646 43433.0
424.202849149704 43433.0
444.20123314857483 43173.0
464.19838213920593 43101.0
484.2018840312958 43052.0
504.2000069618225 43052.0
524.1987810134888 43052.0
544.1981101036072 42502.0
564.1993880271912 42502.0
584.1979620456696 42502.0
600.0024769306183 42502.0
