240
242
342
72
1
83
55
485
464
398
95
239
341
393
249
297
12
25
40
76
509
488
98
159
450
258
244
520
370
481
300
309
208
467
2
14
382
420
160
187
49
251
172
146
345
427
394
305
206
263
255
438
287
212
296
261
338
446
499
441
423
264
384
516
156
141
428
410
426
373
102
60
286
190
315
121
149
108
477
490
371
71
283
295
479
527
401
359
119
9
344
207
205
226
118
267
176
123
269
74
130
91
458
530
350
163
262
358
437
501
486
36
470
507
298
204
131
22
67
323
260
409
220
314
480
521
528
324
134
250
66
18
476
502
198
408
360
248
110
273
326
223
132
213
152
406
421
318
68
73
161
375
186
177
153
183
355
116
319
381
434
376
234
122
139
148
45
81
46
105
243
511
469
59
113
125
112
285
268
154
26
155
252
334
336
215
150
61
330
383
316
281
415
403
368
483
506
51
117
311
278
505
265
175
356
15
400
366
228
395
444
253
107
508
347
321
419
20
93
526
386
195
354
518
331
503
422
510
443
492
494
482
456
463
322
414
196
291
461
455
337
361
333
433
197
179
425
280
216
531
327
332
365
299
468
191
157
202
466
524
257
320
432
390
514
266
274
128
491
447
453
203
52
65
80
158
147
58
135
97
78
200
151
64
387
189
275
388
496
440
402
389
16
4
519
329
225
235
493
167
312
84
145
445
352
412
523
459
391
17
106
137
439
487
452
199
472
500
270
53
362
288
377
529
256
57
111
127
24
104
348
374
301
56
284
69
171
62
290
277
85
211
77
532
457
525
192
227
232
70
120
498
484
351
462
475
465
473
517
512
504
272
101
142
385
313
92
170
5
3
451
325
416
424
245
178
48
42
230
13
436
335
254
87
90
168
32
129
224
399
343
454
50
94
392
430
369
246
303
126
115
431
405
307
397
474
292
236
396
308
279
43
435
169
8
89
63
103
164
210
219
114
380
407
367
44
19
181
10
133
109
271
99
302
349
229
418
140
193
82
460
27
259
29
294
357
306
214
241
86
411
497
379
495
6
79
96
238
174
31
166
478
364
417
201
293
328
222
489
317
404
513
39
34
47
182
88
217
353
363
184
23
194
448
209
282
221
35
233
136
41
413
218
231
276
522
378
515
138
180
339
304
11
340
165
143
442
100
289
429
310
30
162
185
237
144
346
75
124
37
28
33
173
372
188
449
38
247
7
21
54
471
