164
52
307
285
335
238
516
70
149
207
69
155
423
437
438
329
214
200
76
244
24
264
49
522
476
498
59
41
68
171
229
273
336
217
262
490
144
310
430
225
221
29
51
110
32
137
167
56
396
419
421
465
236
271
495
7
26
366
496
134
454
108
147
302
156
332
356
222
457
482
27
344
165
54
357
321
50
92
187
143
101
276
319
497
256
78
184
500
364
75
118
140
287
172
109
181
55
353
341
13
351
283
35
93
254
451
260
477
210
291
234
306
305
139
354
5
150
378
237
424
297
31
121
526
368
38
342
481
503
445
399
124
392
345
34
472
447
444
74
529
251
452
429
95
176
178
250
528
205
81
501
117
331
426
418
502
470
138
183
461
383
377
62
154
195
296
460
466
324
359
80
313
513
162
30
203
163
63
152
519
115
58
355
213
327
442
410
148
246
380
247
90
208
485
384
132
459
215
198
218
14
402
261
395
266
521
406
365
436
197
104
20
88
219
509
286
253
193
330
173
145
304
83
114
315
6
404
367
112
292
471
489
479
202
268
334
212
272
432
488
492
415
379
174
128
160
228
446
431
158
99
360
235
295
177
36
153
385
456
388
299
67
129
168
64
84
467
102
478
517
453
159
16
53
44
343
473
141
506
248
318
450
530
480
494
338
252
196
484
120
113
411
71
369
293
518
28
161
407
1
123
362
142
188
401
520
374
194
116
462
107
122
441
325
201
209
409
259
267
46
346
382
47
39
48
206
96
486
25
45
428
186
255
483
43
314
243
290
61
265
4
298
242
308
449
204
358
381
82
224
408
135
512
10
8
33
239
245
42
288
263
433
57
21
391
77
414
166
79
508
220
180
280
133
9
394
413
323
339
515
514
361
443
375
226
86
2
282
169
258
151
18
294
347
126
469
487
17
72
425
223
281
532
422
475
531
348
301
363
275
326
386
370
309
352
73
103
434
525
146
389
227
284
199
233
105
182
439
393
131
279
405
398
277
340
349
524
493
111
527
463
289
397
216
455
337
230
232
322
416
37
91
316
89
185
350
179
240
278
435
175
40
504
192
65
510
317
191
15
23
400
420
511
274
458
505
241
312
125
269
371
523
440
474
499
412
257
311
127
320
372
11
136
190
66
60
87
3
373
249
387
464
119
170
157
97
189
231
376
303
333
270
106
403
211
390
130
22
19
448
85
12
491
100
468
417
328
300
98
427
507
94
164
