0.0 0.030859793500000003
15.728608131408691 0.021107623
35.74979305267334 0.021107623
55.682409048080444 0.021107623
75.71437001228333 0.021107623
95.75501418113708 0.021107623
115.70236110687256 0.021107623
135.66034197807312 0.021107623
155.67874002456665 0.021107623
175.71248197555542 0.021107623
195.7420129776001 0.021107623
215.67662906646729 0.021107623
235.63793301582336 0.021107623
255.63042402267456 0.021107623
275.6393201351166 0.021107623
295.67254114151 0.021107623
315.6327121257782 0.021107623
335.7144660949707 0.021107623
355.70333099365234 0.021107623
375.72948718070984 0.021107623
395.7826111316681 0.021107623
415.75666904449463 0.021107623
435.6300950050354 0.021107623
455.66983914375305 0.021107623
475.6271131038666 0.021107623
495.73545598983765 0.021107623
515.674506187439 0.021107623
535.6600179672241 0.021107623
555.7424349784851 0.021107623
575.6299741268158 0.021107623
595.649640083313 0.021107623
615.6358489990234 0.021107623
635.7468190193176 0.021107623
655.6291580200195 0.021107623
675.7675561904907 0.021107623
695.7774131298065 0.021107623
715.64182305336 0.021107623
735.7317790985107 0.021107623
755.713142156601 0.021107623
775.6382431983948 0.021107623
795.7170791625977 0.021107623
815.6806721687317 0.021107623
835.68701004982 0.021107623
855.7300670146942 0.021107623
875.6885671615601 0.021107623
895.7014391422272 0.021107623
900.002562046051 0.021107623
