0.0 1.329357804e9
6.048854112625122 1.326026739e9
26.05332112312317 1.326026739e9
46.03578996658325 1.320139552e9
66.03578901290894 1.320139552e9
86.0357940196991 1.320139552e9
106.03579211235046 1.320139552e9
126.03578996658325 1.320139552e9
146.03579306602478 1.320139552e9
166.04421997070312 1.320139552e9
186.03578805923462 1.320139552e9
206.0357940196991 1.320139552e9
226.03578996658325 1.320139552e9
246.03578901290894 1.320139552e9
266.0357930660248 1.320139552e9
286.04692006111145 1.320139552e9
306.0357930660248 1.320139552e9
326.0357930660248 1.320139552e9
346.0357880592346 1.320139552e9
366.0357930660248 1.320139552e9
386.0357949733734 1.320139552e9
406.0357930660248 1.320139552e9
426.0357971191406 1.320139552e9
446.03728699684143 1.320139552e9
466.0357940196991 1.320139552e9
486.0357940196991 1.320139552e9
506.03578996658325 1.320139552e9
526.0357961654663 1.320139552e9
546.0357949733734 1.320139552e9
566.0357949733734 1.320139552e9
586.0458149909973 1.320139552e9
606.0361700057983 1.320139552e9
626.0358991622925 1.320139552e9
646.0357921123505 1.320139552e9
666.0357880592346 1.320139552e9
686.0357940196991 1.320139552e9
706.0357890129089 1.320139552e9
726.0357930660248 1.320139552e9
746.0357921123505 1.320139552e9
766.0357890129089 1.318473631e9
786.0357911586761 1.318473631e9
806.0465831756592 1.318473631e9
826.0357971191406 1.317966256e9
846.0357911586761 1.317966256e9
866.0357940196991 1.317159336e9
886.0357880592346 1.317159336e9
899.7638070583344 1.317159336e9
