0.0 0.0375468075
13.439993858337402 0.025968251499999997
33.50445103645325 0.024844924750000004
53.33478403091431 0.024844924750000004
73.33177495002747 0.024844924750000004
93.3437180519104 0.024844924750000004
113.4449520111084 0.024844924750000004
133.38018488883972 0.024844924750000004
153.37953996658325 0.024844924750000004
173.4873239994049 0.024844924750000004
193.3279800415039 0.024844924750000004
213.33378195762634 0.024844924750000004
233.42656898498535 0.024844924750000004
253.44251489639282 0.024844924750000004
273.31332087516785 0.024844924750000004
293.3570659160614 0.024844924750000004
313.4253308773041 0.024844924750000004
333.4198548793793 0.024844924750000004
353.33745098114014 0.0246031465
373.32305884361267 0.0246031465
393.3470139503479 0.02328216425
413.3707330226898 0.02328216425
433.38990688323975 0.02328216425
453.44348788261414 0.02328216425
473.363322019577 0.02328216425
493.4113759994507 0.02328216425
513.338093996048 0.02328216425
533.3195440769196 0.02328216425
553.4711229801178 0.02328216425
573.3486468791962 0.02328216425
593.4031908512115 0.02328216425
613.4097239971161 0.02328216425
633.3191969394684 0.02328216425
653.3155858516693 0.02328216425
673.3243730068207 0.02328216425
693.3319208621979 0.02328216425
713.3732359409332 0.02328216425
733.3652539253235 0.02328216425
753.3391950130463 0.02328216425
773.4336090087891 0.02328216425
793.3316030502319 0.02328216425
813.3507828712463 0.02328216425
833.3752698898315 0.02328216425
853.3237738609314 0.02328216425
873.3604469299316 0.02328216425
893.4589788913727 0.02328216425
900.0531430244446 0.02328216425
