454
484
384
474
313
69
95
496
330
467
35
301
231
312
45
134
265
450
67
39
430
426
411
389
401
355
97
107
339
433
380
388
192
15
382
84
56
140
283
210
309
468
518
354
457
386
486
186
304
427
18
221
351
403
176
453
170
440
510
488
256
523
307
306
260
343
279
456
442
335
254
303
413
146
365
395
469
398
487
12
197
86
299
292
174
216
135
187
476
520
288
166
381
206
337
152
485
472
435
180
49
22
143
207
466
446
198
282
458
431
393
412
302
356
341
414
294
494
437
32
2
38
81
79
109
344
424
52
275
362
55
77
137
200
268
14
511
363
353
110
252
255
233
277
103
267
333
402
46
24
83
219
263
331
116
88
131
122
323
290
243
516
422
500
447
374
346
3
17
29
416
508
521
522
445
281
188
178
132
222
532
296
227
498
377
274
329
376
490
370
64
224
499
239
501
90
20
436
325
407
443
479
503
455
359
125
319
44
115
405
514
235
168
27
9
148
297
23
5
193
199
507
406
50
314
73
11
145
155
387
505
285
278
317
236
289
234
332
394
419
340
308
201
43
423
399
248
91
324
460
481
261
257
418
492
368
4
118
149
26
298
25
417
463
352
74
245
104
194
150
251
421
475
117
400
461
195
320
305
504
175
212
138
31
75
390
315
191
126
491
459
100
92
360
364
502
480
159
47
208
173
347
383
217
385
102
16
85
348
259
410
218
214
172
98
121
349
513
512
165
327
497
61
101
42
144
342
181
93
322
60
96
379
179
266
345
528
527
71
291
404
185
270
444
36
196
434
415
230
34
94
82
130
8
473
441
519
428
357
269
108
189
509
167
258
392
482
396
273
89
160
375
471
478
372
531
483
464
244
247
493
162
228
225
72
229
123
133
451
439
129
184
124
158
373
529
525
177
338
76
113
48
128
139
120
213
156
420
183
318
215
470
147
452
517
321
232
65
326
142
284
66
237
169
238
7
153
408
438
246
111
13
58
524
240
41
62
136
369
336
220
526
515
495
242
253
154
127
106
280
203
241
249
295
286
209
211
141
205
164
334
477
223
202
310
391
366
271
51
300
1
30
171
163
432
190
151
397
262
250
119
157
161
63
53
358
272
87
293
21
54
59
80
78
40
105
449
409
287
6
19
276
204
462
311
378
506
530
425
328
57
264
226
28
182
114
429
10
489
465
361
99
70
37
33
112
68
367
448
371
316
350
