0.0 0.047358555
14.598084926605225 0.030155604
34.447168827056885 0.030155604
54.56190800666809 0.030155604
74.48592782020569 0.029404498249999998
94.44127988815308 0.02863297675
114.39413094520569 0.0282542065
134.5624167919159 0.0267122075
154.37738800048828 0.024203733499999998
174.37461400032043 0.024203733499999998
194.4058699607849 0.024203733499999998
214.38357996940613 0.024203733499999998
234.49451899528503 0.024203733499999998
254.38493180274963 0.024203733499999998
274.4731149673462 0.024203733499999998
294.3803679943085 0.024203733499999998
314.52474880218506 0.024203733499999998
334.45442390441895 0.024203733499999998
354.38928294181824 0.024203733499999998
374.42445397377014 0.024203733499999998
394.3892328739166 0.024203733499999998
414.4906289577484 0.024203733499999998
434.4040298461914 0.024203733499999998
454.4762477874756 0.024203733499999998
474.4490349292755 0.024203733499999998
494.40033292770386 0.024203733499999998
514.4035968780518 0.024203733499999998
534.386433839798 0.024203733499999998
554.4299008846283 0.024203733499999998
574.4097700119019 0.024203733499999998
594.4698009490967 0.024203733499999998
614.4966239929199 0.024203733499999998
634.3721308708191 0.024203733499999998
654.4829378128052 0.024203733499999998
674.4291458129883 0.024203733499999998
694.3770837783813 0.024203733499999998
714.4499278068542 0.024203733499999998
734.4090559482574 0.024203733499999998
754.3815050125122 0.024203733499999998
774.4496719837189 0.024203733499999998
794.3694369792938 0.024203733499999998
814.4307768344879 0.024203733499999998
834.4402589797974 0.024203733499999998
854.5176079273224 0.024203733499999998
874.3907499313354 0.024203733499999998
894.5135588645935 0.024203733499999998
900.0261328220367 0.024203733499999998
