195
150
45
30
357
384
282
163
153
423
221
434
333
175
37
34
449
458
402
393
417
167
394
128
285
353
502
180
93
133
143
507
511
196
33
226
373
155
445
438
403
309
348
277
222
457
421
64
359
486
521
503
514
526
26
203
382
237
28
72
36
40
184
171
213
461
376
355
428
170
275
370
146
395
246
99
205
121
375
147
344
319
131
433
392
266
206
130
388
409
107
172
129
345
334
168
368
242
280
322
303
202
193
276
21
73
330
451
54
244
390
192
251
329
258
211
410
481
498
326
377
492
109
379
490
501
420
162
389
473
317
369
212
254
283
408
427
135
194
431
519
484
467
199
347
269
71
118
190
248
144
225
294
261
311
454
439
419
471
474
495
325
126
59
227
116
140
111
360
69
92
316
160
176
83
307
362
272
114
78
440
532
132
173
293
239
487
470
287
112
4
15
16
289
351
312
415
343
496
340
250
174
257
86
187
432
516
450
97
8
179
483
462
284
204
452
422
152
416
456
531
380
468
315
425
154
229
120
385
238
396
447
224
308
299
510
220
499
500
183
230
259
65
2
68
304
219
400
321
156
524
525
465
475
235
401
165
342
127
310
63
346
306
104
74
148
233
52
200
216
358
367
365
110
124
177
79
158
57
100
58
42
356
279
313
381
444
404
247
489
513
301
371
488
529
361
50
43
197
105
512
331
217
302
441
61
459
430
414
24
11
46
25
84
300
286
252
350
443
446
485
386
523
399
210
82
413
412
398
378
256
139
290
528
271
263
47
281
49
265
88
85
136
323
3
236
87
520
494
477
320
166
41
122
249
75
32
56
134
264
141
455
469
169
267
27
14
31
1
90
374
253
273
234
20
60
62
332
240
466
157
493
527
509
478
424
39
232
260
178
70
255
442
522
504
437
418
363
480
228
119
214
391
436
295
530
497
182
191
241
506
515
508
406
464
55
189
94
51
103
29
22
151
80
91
215
366
352
453
218
113
426
505
397
5
7
98
337
518
479
383
472
117
223
296
328
387
305
336
274
201
18
364
95
142
123
318
89
209
137
268
482
491
349
66
77
102
407
339
429
245
188
76
243
341
208
324
198
125
108
460
463
292
270
327
354
186
262
145
297
12
149
10
13
9
6
96
53
448
185
38
231
405
298
291
288
207
411
517
476
314
278
335
101
372
181
435
19
17
48
81
115
138
23
159
161
67
106
338
164
44
35
195
