0.0 1.54182e6
5.9099321365356445 1.421628e6
25.9093279838562 1.31347e6
45.90934491157532 1.296065e6
65.91015911102295 1.253444e6
85.91108393669128 1.244102e6
105.91093397140503 1.221443e6
125.91110897064209 1.207908e6
145.91122698783875 1.199597e6
165.91031002998352 1.194966e6
185.90970993041992 1.149438e6
205.91135811805725 1.144529e6
225.91074800491333 1.13404e6
245.91009712219238 1.12719e6
265.9093179702759 1.125937e6
285.91033911705017 1.122937e6
305.91007804870605 1.114273e6
325.9098460674286 1.108583e6
345.9172639846802 1.106791e6
365.90957403182983 1.095028e6
385.90954995155334 1.086367e6
405.9189989566803 1.085549e6
425.91042494773865 1.059561e6
445.91015696525574 1.058256e6
465.90962505340576 1.058237e6
485.9094431400299 1.058237e6
505.9104309082031 1.047871e6
525.9097700119019 1.045903e6
545.9101190567017 1.045589e6
565.9097859859467 1.043422e6
585.9093589782715 1.040175e6
605.910943031311 1.033736e6
625.9098739624023 1.033469e6
645.9098250865936 1.031673e6
665.9095470905304 1.031577e6
685.9095919132233 1.031577e6
705.9104189872742 1.031577e6
725.9100611209869 1.027741e6
745.9101719856262 1.026111e6
765.9108140468597 1.013608e6
785.9104571342468 1.011042e6
805.9098029136658 1.011042e6
825.9167230129242 1.011042e6
845.9107599258423 1.010256e6
865.9215090274811 1.004216e6
885.9095771312714 1.002913e6
900.004930973053 998562.0
