155
276
361
244
410
486
421
212
417
427
2
38
286
415
120
431
125
314
398
74
61
340
102
384
118
122
187
316
168
106
328
294
444
473
506
347
211
247
259
264
297
449
258
403
385
248
79
230
180
292
306
135
151
189
399
128
62
443
315
324
238
372
131
196
532
243
516
526
404
428
140
9
383
7
262
408
152
47
501
465
232
101
12
81
201
293
508
457
350
173
329
343
267
253
143
117
195
265
379
450
227
498
469
459
374
29
164
217
239
311
386
70
171
446
483
367
406
234
219
163
277
166
240
369
337
21
142
327
522
198
68
99
144
24
8
453
414
413
11
148
50
40
289
392
160
154
162
112
303
339
321
245
376
439
478
357
25
16
206
178
280
123
300
30
93
275
193
205
86
334
355
235
425
156
49
48
32
207
307
476
390
525
363
497
378
528
84
203
1
54
10
169
197
445
103
159
114
13
520
503
420
491
407
468
492
529
458
440
22
130
460
397
433
127
145
55
181
370
419
65
204
309
147
278
256
186
124
291
161
108
221
249
332
295
349
523
389
284
393
402
282
279
165
373
266
430
176
136
28
194
318
488
527
521
530
356
250
489
285
141
115
104
56
18
113
312
27
77
37
271
14
225
167
97
447
487
305
456
494
382
138
237
231
72
475
515
500
170
223
310
362
220
121
454
480
365
436
470
448
438
519
338
41
36
4
346
387
67
242
95
63
87
133
269
59
52
39
107
290
509
42
254
134
228
98
394
320
412
179
479
472
518
510
299
190
51
215
26
233
437
484
34
33
3
71
110
319
255
477
283
57
451
83
89
416
304
149
251
375
100
35
85
287
46
224
288
252
82
354
466
464
455
129
45
371
342
409
15
80
348
496
524
512
485
331
388
400
345
213
257
60
91
172
92
241
308
272
511
268
153
150
183
296
58
66
209
322
313
202
146
352
364
6
137
273
426
493
88
119
442
94
218
263
185
132
391
423
482
490
481
502
452
474
184
301
401
199
517
64
200
270
44
396
69
43
23
260
368
531
274
359
139
188
335
405
432
441
360
504
505
19
53
17
226
495
424
246
116
158
214
210
191
381
298
336
514
222
5
333
31
73
229
105
377
192
317
353
341
422
157
463
395
499
208
471
411
325
177
76
261
366
435
281
216
351
96
323
344
358
90
174
418
182
467
462
507
513
434
429
111
75
78
330
302
175
461
109
326
380
236
126
20
