0.0 1.580372e6
2.3903450965881348 1.495917e6
22.400590896606445 1.3569e6
42.45063495635986 1.307144e6
62.39512801170349 1.300408e6
82.40664911270142 1.280921e6
102.42881989479065 1.278785e6
122.41229605674744 1.25311e6
142.43954205513 1.244295e6
162.405592918396 1.231979e6
182.38912200927734 1.213951e6
202.39119696617126 1.191069e6
222.415540933609 1.173099e6
242.4624490737915 1.170045e6
262.3898649215698 1.170045e6
282.39136004447937 1.16775e6
302.4737639427185 1.16775e6
322.43814611434937 1.16524e6
342.45993995666504 1.16524e6
362.40290212631226 1.158981e6
382.4494240283966 1.158081e6
402.3926661014557 1.153274e6
422.39264392852783 1.148766e6
442.39596605300903 1.142889e6
462.4107530117035 1.14068e6
482.47201800346375 1.137127e6
502.4274480342865 1.13588e6
522.3943040370941 1.131705e6
542.4301779270172 1.123319e6
562.4051330089569 1.118314e6
582.3910670280457 1.111387e6
602.410658121109 1.108152e6
622.4054579734802 1.108152e6
642.4296050071716 1.098931e6
662.4222431182861 1.098472e6
682.4546670913696 1.097681e6
702.4233191013336 1.097681e6
722.452467918396 1.09091e6
742.3999590873718 1.08202e6
762.4378430843353 1.081495e6
782.4036340713501 1.073305e6
802.4465420246124 1.073305e6
822.4121179580688 1.065835e6
842.3962619304657 1.06521e6
862.4469919204712 1.06521e6
882.4322829246521 1.06521e6
900.011440038681 1.065004e6
