330
184
178
289
296
117
518
166
143
176
278
60
438
415
255
491
412
421
459
430
381
402
502
410
423
180
242
119
47
58
265
188
190
51
144
124
21
45
237
113
272
397
4
137
320
468
436
399
153
54
300
67
431
392
378
521
31
164
253
156
87
10
1
236
169
205
472
220
449
500
522
271
353
240
529
489
512
256
510
340
456
480
446
443
243
483
342
264
276
309
304
33
246
414
368
64
72
192
350
104
160
204
136
447
112
83
147
20
100
302
88
348
390
479
464
214
12
280
322
420
470
370
235
69
157
471
229
213
110
487
450
123
76
442
313
452
504
478
393
66
155
216
95
24
152
251
281
102
162
91
134
248
327
128
361
285
356
73
63
233
481
203
451
92
84
70
116
527
516
173
260
206
347
465
354
467
383
165
159
257
217
35
57
462
498
9
3
299
198
186
43
434
391
210
273
177
250
131
28
32
167
337
441
294
531
440
528
509
375
380
435
396
325
310
275
346
130
382
261
497
530
488
492
317
476
525
301
282
269
367
52
338
59
42
7
496
506
389
524
485
244
363
284
332
120
226
18
409
494
196
490
377
429
55
168
200
23
37
41
359
374
201
395
365
394
293
477
432
499
486
461
82
90
249
455
209
366
357
352
523
513
202
343
175
22
149
48
16
11
85
218
291
323
403
453
151
65
109
114
99
174
96
424
191
469
129
141
79
133
132
416
77
86
75
484
215
94
267
457
475
503
336
369
183
181
224
277
411
419
362
379
286
339
148
30
15
268
520
232
158
297
321
405
207
193
328
189
81
262
219
454
239
398
221
118
292
103
298
334
142
386
422
360
187
49
2
56
514
515
511
507
274
473
341
172
345
62
27
326
428
376
61
495
466
508
303
329
372
333
252
305
101
314
222
517
371
400
6
279
227
316
29
288
358
138
163
318
53
433
355
387
312
145
44
68
106
413
80
135
197
71
439
287
228
532
74
140
319
388
307
108
127
121
39
385
373
519
458
474
194
154
25
93
36
14
34
308
89
324
139
290
401
125
283
231
161
150
111
460
349
170
241
195
171
505
182
295
482
445
501
404
254
408
444
437
208
266
331
98
8
364
225
211
384
407
427
493
344
259
146
50
122
97
315
185
38
19
212
526
234
179
107
115
417
448
263
425
126
78
406
311
199
238
245
270
5
13
463
418
426
258
351
105
247
335
223
230
17
46
40
26
306
330
