0.0 1.328476189e9
80.94407391548157 1.323682723e9
100.5724709033966 1.323682723e9
120.41320085525513 1.323682723e9
140.88805890083313 1.323682723e9
260.66436100006104 1.320829258e9
280.8702030181885 1.318453379e9
320.9214868545532 1.318453379e9
360.16230392456055 1.318453379e9
380.4890239238739 1.318453379e9
420.73568296432495 1.316672656e9
440.0714519023895 1.316672656e9
460.6685109138489 1.316672656e9
520.4934928417206 1.316672656e9
560.0841519832611 1.316672656e9
600.1591258049011 1.316672656e9
620.6156139373779 1.316672656e9
660.264506816864 1.316195799e9
720.5909838676453 1.316195799e9
740.8695948123932 1.316195799e9
760.9754109382629 1.316195799e9
781.0425119400024 1.316195799e9
860.5116398334503 1.316195799e9
900.2278308868408 1.316195799e9
