0.0 0.05033369575
14.639394044876099 0.03301033825
34.62266492843628 0.03301033825
54.63376188278198 0.0324753515
74.61518788337708 0.0324753515
94.6423749923706 0.0324753515
114.64428901672363 0.0324753515
134.64439296722412 0.028451291750000003
154.64277291297913 0.028451291750000003
174.61487293243408 0.02565020425
194.63476395606995 0.02565020425
214.6395299434662 0.02565020425
234.6215648651123 0.02565020425
254.6248118877411 0.02565020425
274.63644194602966 0.02565020425
294.6167140007019 0.02565020425
314.6143400669098 0.02565020425
334.6219730377197 0.02565020425
354.6204879283905 0.02565020425
374.6372470855713 0.02565020425
394.6378309726715 0.025619833
414.6145439147949 0.025619833
434.6328570842743 0.025619833
454.615562915802 0.025619833
474.63027691841125 0.025619833
494.6298830509186 0.025619833
514.6262340545654 0.025619833
534.6149790287018 0.025619833
554.6315839290619 0.025619833
574.615494966507 0.025619833
594.6188600063324 0.025619833
614.6252970695496 0.025619833
634.6335499286652 0.025619833
654.6220510005951 0.025619833
674.6193699836731 0.025619833
694.6223540306091 0.025619833
714.6143820285797 0.025619833
734.6237208843231 0.025619833
754.6198480129242 0.025619833
774.6300480365753 0.025619833
794.6143300533295 0.025619833
814.616693019867 0.025619833
834.6209149360657 0.025619833
854.621258020401 0.025619833
874.6162910461426 0.025619833
894.6141939163208 0.025619833
899.9939410686493 0.02552632775
