0.264044 1662580.0
0.29361 1616309.0
0.315181 1600350.0
0.343317 1593333.0
1.050822 1588332.0
1.166609 1582576.0
1.314733 1577918.0
1.421815 1570044.0
1.874044 1546379.0
2.352335 1543091.0
2.839654 1525648.0
8.054281 1495082.0
38.887512 1490759.0
45.313217 1481231.0
45.698911 1456813.0
47.469965 1452172.0
47.648003 1447942.0
47.765605 1429521.0
47.911854 1428589.0
48.624878 1416571.0
50.741775 1413441.0
74.264682 1412555.0
104.025034 1396035.0
213.707919 1377384.0
275.672701 1376763.0
283.508477 1369151.0
365.733873 1368569.0
401.353254 1356209.0
