457
399
262
306
304
207
476
188
244
470
303
274
353
229
122
449
121
414
391
12
495
150
473
521
242
332
400
494
54
257
25
184
5
532
291
416
316
224
36
165
451
30
347
128
496
346
252
97
249
472
88
407
144
14
461
474
140
159
187
73
85
237
520
462
13
450
294
379
243
284
403
56
221
6
167
154
309
388
288
268
429
55
519
43
18
110
500
349
9
71
251
239
499
343
460
408
52
153
260
443
199
518
513
361
497
331
7
271
53
323
29
287
68
471
302
506
489
240
118
96
357
358
297
504
329
377
418
501
351
106
70
86
57
255
136
375
395
392
514
524
105
289
186
84
48
225
454
163
380
411
336
498
487
319
295
232
69
222
378
422
22
10
453
203
149
124
311
318
67
75
456
46
218
104
172
107
280
247
209
78
174
277
126
283
147
426
334
81
310
402
39
432
442
113
148
2
166
424
119
127
354
168
180
371
116
367
372
517
529
523
528
385
493
326
15
267
266
405
264
94
507
328
196
33
65
49
90
234
130
63
526
516
259
344
98
24
114
276
440
134
158
133
34
197
160
45
37
137
406
59
231
201
374
413
155
484
157
502
299
89
435
286
72
293
386
352
321
485
455
152
80
261
23
398
238
125
151
246
387
146
228
258
531
475
441
139
230
170
51
183
427
60
61
425
482
452
145
355
314
362
522
510
301
341
28
272
181
40
91
41
480
87
50
486
307
300
324
370
466
527
342
508
317
93
447
278
515
220
345
312
292
285
101
308
525
275
233
241
162
265
253
47
338
269
185
100
364
212
161
82
32
76
214
330
117
192
464
132
99
282
490
320
446
479
156
365
410
281
505
270
21
273
339
373
436
465
4
360
194
164
175
412
512
423
245
35
11
478
169
191
337
350
20
248
356
509
439
325
129
437
448
8
62
492
131
327
198
376
363
178
396
491
389
111
397
108
223
202
195
123
511
421
503
103
217
313
468
141
359
467
417
208
64
171
79
433
250
211
254
444
77
27
438
366
182
296
95
26
348
142
227
193
213
481
215
428
219
263
384
315
298
83
335
138
189
256
459
394
92
290
340
58
177
305
17
38
179
404
204
390
401
190
42
431
200
135
112
419
44
210
469
430
66
216
176
109
279
3
1
173
415
368
458
120
393
31
236
115
19
74
477
381
445
333
206
322
235
530
488
369
16
226
205
483
143
383
382
434
463
409
420
102
