0.0 1.638785e6
10.736781120300293 1.41714e6
30.731994152069092 1.381114e6
50.73027420043945 1.304094e6
70.73492407798767 1.293253e6
90.73396420478821 1.279587e6
110.73302412033081 1.269134e6
130.73134517669678 1.261008e6
150.7328441143036 1.24393e6
170.7326741218567 1.24393e6
190.74432921409607 1.225212e6
210.7356081008911 1.21978e6
230.73943710327148 1.21187e6
250.7310631275177 1.202905e6
270.73364901542664 1.193142e6
290.73050904273987 1.182059e6
310.73292112350464 1.181796e6
330.73364210128784 1.181796e6
350.738676071167 1.172904e6
370.7344732284546 1.172904e6
390.7306251525879 1.162036e6
410.73042011260986 1.162036e6
430.73083901405334 1.149512e6
450.7322750091553 1.148944e6
470.7350420951843 1.147091e6
490.730012178421 1.142014e6
510.73569321632385 1.134901e6
530.7342331409454 1.134901e6
550.7337861061096 1.130765e6
570.7342841625214 1.127145e6
590.7313580513 1.127145e6
610.7299990653992 1.124527e6
630.7444641590118 1.115469e6
650.7312190532684 1.112318e6
670.735424041748 1.112318e6
690.7365510463715 1.111293e6
710.7328341007233 1.106424e6
730.7373790740967 1.101936e6
750.7318351268768 1.099602e6
770.7327151298523 1.099156e6
790.7349741458893 1.094367e6
810.7307832241058 1.093193e6
830.7315671443939 1.092818e6
850.734533071518 1.092818e6
870.737879037857 1.092398e6
890.7330400943756 1.092295e6
900.0031502246857 1.091967e6
