188
498
493
427
438
462
439
178
230
72
196
206
93
362
292
409
169
301
479
524
256
177
197
164
458
225
203
287
258
95
345
492
510
468
385
268
136
293
245
249
367
68
478
470
158
389
445
360
243
314
485
443
406
517
50
85
48
31
51
114
54
216
447
435
505
199
528
525
130
155
35
500
266
395
26
87
342
210
491
146
201
330
319
394
303
298
66
113
133
175
442
490
494
222
372
401
321
120
226
12
47
59
194
469
338
404
70
231
250
89
441
119
109
304
88
334
80
247
312
190
162
181
488
473
489
465
513
520
480
251
98
159
171
282
39
138
244
511
220
278
317
185
144
179
344
307
444
412
205
106
378
383
377
419
417
272
145
105
264
387
358
429
397
332
232
340
187
107
200
410
380
217
229
235
305
484
456
459
117
275
111
167
414
437
364
116
33
140
160
306
343
49
126
17
323
263
212
415
260
318
192
285
463
86
62
508
464
472
475
46
9
134
36
236
118
110
405
352
143
221
413
10
15
129
182
295
215
45
402
455
393
97
207
471
527
522
514
420
461
428
239
280
326
382
189
152
122
183
366
125
311
483
279
269
313
365
411
516
325
370
521
526
501
495
73
388
273
208
270
324
276
436
407
390
432
403
467
399
346
248
127
121
69
184
2
90
94
241
262
416
100
137
349
433
426
141
253
223
168
92
56
186
309
242
30
531
176
391
418
115
148
165
128
290
529
504
308
283
246
240
453
496
336
354
297
102
254
265
497
503
149
209
214
219
5
300
193
3
79
320
173
329
139
512
34
21
147
316
108
322
23
60
237
457
487
523
460
408
384
166
1
195
84
112
63
53
20
252
519
327
424
65
339
277
357
449
452
451
448
58
440
499
27
75
41
331
363
515
202
213
477
361
347
341
423
198
172
170
76
123
286
150
154
353
302
507
288
103
400
267
274
476
532
57
42
91
284
24
211
135
19
430
381
425
64
259
351
40
369
502
296
434
328
218
161
271
81
333
294
359
396
386
238
157
142
392
28
37
96
180
82
99
281
474
350
257
373
310
368
289
233
131
398
379
481
174
446
422
132
29
104
4
13
55
16
11
224
124
191
83
18
255
291
371
421
530
466
227
486
506
299
6
67
518
482
454
234
7
228
335
450
355
356
337
376
22
32
204
44
431
25
71
52
38
8
509
101
374
153
14
43
156
151
315
78
348
375
163
74
77
261
61
188
